(m,n) (가로,세로)
0 1 2 3 4 5 6 7 8 9
10 11 12 13 14 15 16 17 18 19
20 21 22 23 24 25 26 27 28 29
30 31 32 33 34 35 36 37 38 39
40 41 42 43 44 45 46 47 48 49
50 51 52 53 54 55 56 57 58 59

nodes= (올바른 경우) <n=8, m=10>
[[1], [0, 11], [], [], [], [], [], [], [], [], 
[], [1], [], [], [], [], [], [], [], [], 
[], [], [], [], [34], [], [], [], [], [], 
[], [], [], [], [24], [], [], [], [], [], 
[], [], [43], [42], [], [], [], [48, 57] (47), [47, 49, 58] (48), [48, 59] (49), 
[], [], [], [], [54], [], [], [47, 58] (57), [48, 57, 59] (58), [49, 58] (59)]

nodes= (실행결과, 틀림)
[[1], [0, 11], [], [], [], [], [], [], [], [], 
[], [1], [], [], [], [], [], [], [], [], 
[], [], [], [], [34], [], [], [], [], [], 
[], [], [], [], [24], [], [], [], [], [], 
[], [], [43], [42], [], [], [], [48, 57], [47, 49, 58], [48, 59], 
[], [], [], [], [], [], [], [47, 58], [48, 57, 59], [49, 58]]
-> 5가 나와야함

1
10 6 14
0 0
1 0
1 1
4 2
4 3
4 5
2 4
3 4
7 4
8 4
9 4
7 5
8 5
9 5