2 3 3 3 3 3 3 3 3 3 
3 2 3 3 3 3 3 3 3 3 
4 3 2 3 3 3 3 3 3 3 
5 4 3 2 3 3 3 3 3 3 
6 5 4 3 2 3 3 3 3 3 
7 6 5 4 3 2 3 3 3 3 
8 7 6 5 4 3 2 3 3 3 
9 8 7 6 5 4 3 2 3 3 
10 9 8 7 6 5 4 3 2 3 
11 10 9 8 7 6 5 4 3 2 
10 10 9 8 7 6 5 4 3 2 
11 9 9 8 7 6 5 4 3 2 
12 10 8 8 7 6 5 4 3 2 
13 11 9 7 7 6 5 4 3 2 
14 12 10 8 6 6 5 4 3 2 
15 13 11 9 7 5 5 4 3 2 
16 14 12 10 8 6 4 4 3 2 
17 15 13 11 9 7 5 3 3 2 
18 16 14 12 10 8 6 4 2 2 
19 17 15 13 11 9 7 5 3 1 
18 17 15 13 11 9 7 5 3 1 
19 16 15 13 11 9 7 5 3 1 
20 17 14 13 11 9 7 5 3 1 
21 18 15 12 11 9 7 5 3 1 
22 19 16 13 10 9 7 5 3 1 
23 20 17 14 11 8 7 5 3 1 
24 21 18 15 12 9 6 5 3 1 
25 22 19 16 13 10 7 4 3 1 
26 23 20 17 14 11 8 5 2 1 
27 24 21 18 15 12 9 6 3 0 
26 24 21 18 15 12 9 6 3 0 
27 23 21 18 15 12 9 6 3 0 
28 24 20 18 15 12 9 6 3 0 
29 25 21 17 15 12 9 6 3 0 
30 26 22 18 14 12 9 6 3 0 
31 27 23 19 15 11 9 6 3 0 
32 28 24 20 16 12 8 6 3 0 
33 29 25 21 17 13 9 5 3 0 
34 30 26 22 18 14 10 6 2 0 
33 30 26 22 18 14 10 6 2 0 
34 29 26 22 18 14 10 6 2 0 
35 30 25 22 18 14 10 6 2 0 
36 31 26 21 18 14 10 6 2 0 
37 32 27 22 17 14 10 6 2 0 
38 33 28 23 18 13 10 6 2 0 
39 34 29 24 19 14 9 6 2 0 
40 35 30 25 20 15 10 5 2 0 
41 36 31 26 21 16 11 6 1 0 
40 36 31 26 21 16 11 6 1 0 
41 35 31 26 21 16 11 6 1 0 
42 36 30 26 21 16 11 6 1 0 
43 37 31 25 21 16 11 6 1 0 
44 38 32 26 20 16 11 6 1 0 
45 39 33 27 21 15 11 6 1 0 
46 40 34 28 22 16 10 6 1 0 
47 41 35 29 23 17 11 5 1 0 
48 42 36 30 24 18 12 6 0 0 
47 42 36 30 24 18 12 6 0 0 
48 41 36 30 24 18 12 6 0 0 
49 42 35 30 24 18 12 6 0 0 
50 43 36 29 24 18 12 6 0 0 
51 44 37 30 23 18 12 6 0 0 
52 45 38 31 24 17 12 6 0 0 
53 46 39 32 25 18 11 6 0 0 
54 47 40 33 26 19 12 5 0 0 
53 47 40 33 26 19 12 5 0 0 
54 46 40 33 26 19 12 5 0 0 
55 47 39 33 26 19 12 5 0 0 
56 48 40 32 26 19 12 5 0 0 
57 49 41 33 25 19 12 5 0 0 
58 50 42 34 26 18 12 5 0 0 
59 51 43 35 27 19 11 5 0 0 
60 52 44 36 28 20 12 4 0 0 
59 52 44 36 28 20 12 4 0 0 
60 51 44 36 28 20 12 4 0 0 
61 52 43 36 28 20 12 4 0 0 
62 53 44 35 28 20 12 4 0 0 
63 54 45 36 27 20 12 4 0 0 
64 55 46 37 28 19 12 4 0 0 
65 56 47 38 29 20 11 4 0 0 
66 57 48 39 30 21 12 3 0 0 
65 57 48 39 30 21 12 3 0 0 
66 56 48 39 30 21 12 3 0 0 
67 57 47 39 30 21 12 3 0 0 
68 58 48 38 30 21 12 3 0 0 
69 59 49 39 29 21 12 3 0 0 
70 60 50 40 30 20 12 3 0 0 
71 61 51 41 31 21 11 3 0 0 
72 62 52 42 32 22 12 2 0 0 
71 62 52 42 32 22 12 2 0 0 
72 61 52 42 32 22 12 2 0 0 
73 62 51 42 32 22 12 2 0 0 
74 63 52 41 32 22 12 2 0 0 
75 64 53 42 31 22 12 2 0 0 
76 65 54 43 32 21 12 2 0 0 
77 66 55 44 33 22 11 2 0 0 
78 67 56 45 34 23 12 1 0 0 
77 67 56 45 34 23 12 1 0 0 
78 66 56 45 34 23 12 1 0 0 
79 67 55 45 34 23 12 1 0 0 
80 68 56 44 34 23 12 1 0 0 
81 69 57 45 33 23 12 1 0 0 
82 70 58 46 34 22 12 1 0 0 
83 71 59 47 35 23 11 1 0 0 
84 72 60 48 36 24 12 0 0 0 
83 72 60 48 36 24 12 0 0 0 
84 71 60 48 36 24 12 0 0 0 
85 72 59 48 36 24 12 0 0 0 
86 73 60 47 36 24 12 0 0 0 
87 74 61 48 35 24 12 0 0 0 
88 75 62 49 36 23 12 0 0 0 
89 76 63 50 37 24 11 0 0 0 
88 76 63 50 37 24 11 0 0 0 
89 75 63 50 37 24 11 0 0 0 
90 76 62 50 37 24 11 0 0 0 
91 77 63 49 37 24 11 0 0 0 
92 78 64 50 36 24 11 0 0 0 
93 79 65 51 37 23 11 0 0 0 
94 80 66 52 38 24 10 0 0 0 
93 80 66 52 38 24 10 0 0 0 
94 79 66 52 38 24 10 0 0 0 
95 80 65 52 38 24 10 0 0 0 
96 81 66 51 38 24 10 0 0 0 
97 82 67 52 37 24 10 0 0 0 
98 83 68 53 38 23 10 0 0 0 
99 84 69 54 39 24 9 0 0 0 
98 84 69 54 39 24 9 0 0 0 
99 83 69 54 39 24 9 0 0 0 
100 84 68 54 39 24 9 0 0 0 
101 85 69 53 39 24 9 0 0 0 
102 86 70 54 38 24 9 0 0 0 
103 87 71 55 39 23 9 0 0 0 
104 88 72 56 40 24 8 0 0 0 
103 88 72 56 40 24 8 0 0 0 
104 87 72 56 40 24 8 0 0 0 
105 88 71 56 40 24 8 0 0 0 
106 89 72 55 40 24 8 0 0 0 
107 90 73 56 39 24 8 0 0 0 
108 91 74 57 40 23 8 0 0 0 
109 92 75 58 41 24 7 0 0 0 
108 92 75 58 41 24 7 0 0 0 
109 91 75 58 41 24 7 0 0 0 
110 92 74 58 41 24 7 0 0 0 
111 93 75 57 41 24 7 0 0 0 
112 94 76 58 40 24 7 0 0 0 
113 95 77 59 41 23 7 0 0 0 
114 96 78 60 42 24 6 0 0 0 
113 96 78 60 42 24 6 0 0 0 
114 95 78 60 42 24 6 0 0 0 
115 96 77 60 42 24 6 0 0 0 
116 97 78 59 42 24 6 0 0 0 
117 98 79 60 41 24 6 0 0 0 
118 99 80 61 42 23 6 0 0 0 
119 100 81 62 43 24 5 0 0 0 
118 100 81 62 43 24 5 0 0 0 
119 99 81 62 43 24 5 0 0 0 
120 100 80 62 43 24 5 0 0 0 
121 101 81 61 43 24 5 0 0 0 
122 102 82 62 42 24 5 0 0 0 
123 103 83 63 43 23 5 0 0 0 
124 104 84 64 44 24 4 0 0 0 
123 104 84 64 44 24 4 0 0 0 
124 103 84 64 44 24 4 0 0 0 
125 104 83 64 44 24 4 0 0 0 
126 105 84 63 44 24 4 0 0 0 
127 106 85 64 43 24 4 0 0 0 
128 107 86 65 44 23 4 0 0 0 
129 108 87 66 45 24 3 0 0 0 
128 108 87 66 45 24 3 0 0 0 
129 107 87 66 45 24 3 0 0 0 
130 108 86 66 45 24 3 0 0 0 
131 109 87 65 45 24 3 0 0 0 
132 110 88 66 44 24 3 0 0 0 
133 111 89 67 45 23 3 0 0 0 
134 112 90 68 46 24 2 0 0 0 
133 112 90 68 46 24 2 0 0 0 
134 111 90 68 46 24 2 0 0 0 
135 112 89 68 46 24 2 0 0 0 
136 113 90 67 46 24 2 0 0 0 
137 114 91 68 45 24 2 0 0 0 
138 115 92 69 46 23 2 0 0 0 
139 116 93 70 47 24 1 0 0 0 
138 116 93 70 47 24 1 0 0 0 
139 115 93 70 47 24 1 0 0 0 
140 116 92 70 47 24 1 0 0 0 
141 117 93 69 47 24 1 0 0 0 
142 118 94 70 46 24 1 0 0 0 
143 119 95 71 47 23 1 0 0 0 
144 120 96 72 48 24 0 0 0 0 
143 120 96 72 48 24 0 0 0 0 
144 119 96 72 48 24 0 0 0 0 
145 120 95 72 48 24 0 0 0 0 
146 121 96 71 48 24 0 0 0 0 
147 122 97 72 47 24 0 0 0 0 
148 123 98 73 48 23 0 0 0 0 
147 123 98 73 48 23 0 0 0 0 
148 122 98 73 48 23 0 0 0 0 
149 123 97 73 48 23 0 0 0 0 
150 124 98 72 48 23 0 0 0 0 
151 125 99 73 47 23 0 0 0 0 
152 126 100 74 48 22 0 0 0 0 
151 126 100 74 48 22 0 0 0 0 
152 125 100 74 48 22 0 0 0 0 
153 126 99 74 48 22 0 0 0 0 
154 127 100 73 48 22 0 0 0 0 
155 128 101 74 47 22 0 0 0 0 
156 129 102 75 48 21 0 0 0 0 
155 129 102 75 48 21 0 0 0 0 
156 128 102 75 48 21 0 0 0 0 
157 129 101 75 48 21 0 0 0 0 
158 130 102 74 48 21 0 0 0 0 
159 131 103 75 47 21 0 0 0 0 
160 132 104 76 48 20 0 0 0 0 
159 132 104 76 48 20 0 0 0 0 
160 131 104 76 48 20 0 0 0 0 
161 132 103 76 48 20 0 0 0 0 
162 133 104 75 48 20 0 0 0 0 
163 134 105 76 47 20 0 0 0 0 
164 135 106 77 48 19 0 0 0 0 
163 135 106 77 48 19 0 0 0 0 
164 134 106 77 48 19 0 0 0 0 
165 135 105 77 48 19 0 0 0 0 
166 136 106 76 48 19 0 0 0 0 
167 137 107 77 47 19 0 0 0 0 
168 138 108 78 48 18 0 0 0 0 
167 138 108 78 48 18 0 0 0 0 
168 137 108 78 48 18 0 0 0 0 
169 138 107 78 48 18 0 0 0 0 
170 139 108 77 48 18 0 0 0 0 
171 140 109 78 47 18 0 0 0 0 
172 141 110 79 48 17 0 0 0 0 
171 141 110 79 48 17 0 0 0 0 
172 140 110 79 48 17 0 0 0 0 
173 141 109 79 48 17 0 0 0 0 
174 142 110 78 48 17 0 0 0 0 
175 143 111 79 47 17 0 0 0 0 
176 144 112 80 48 16 0 0 0 0 
175 144 112 80 48 16 0 0 0 0 
176 143 112 80 48 16 0 0 0 0 
177 144 111 80 48 16 0 0 0 0 
178 145 112 79 48 16 0 0 0 0 
179 146 113 80 47 16 0 0 0 0 
180 147 114 81 48 15 0 0 0 0 
179 147 114 81 48 15 0 0 0 0 
180 146 114 81 48 15 0 0 0 0 
181 147 113 81 48 15 0 0 0 0 
182 148 114 80 48 15 0 0 0 0 
183 149 115 81 47 15 0 0 0 0 
184 150 116 82 48 14 0 0 0 0 
183 150 116 82 48 14 0 0 0 0 
184 149 116 82 48 14 0 0 0 0 
185 150 115 82 48 14 0 0 0 0 
186 151 116 81 48 14 0 0 0 0 
187 152 117 82 47 14 0 0 0 0 
188 153 118 83 48 13 0 0 0 0 
187 153 118 83 48 13 0 0 0 0 
188 152 118 83 48 13 0 0 0 0 
189 153 117 83 48 13 0 0 0 0 
190 154 118 82 48 13 0 0 0 0 
191 155 119 83 47 13 0 0 0 0 
192 156 120 84 48 12 0 0 0 0 
191 156 120 84 48 12 0 0 0 0 
192 155 120 84 48 12 0 0 0 0 
193 156 119 84 48 12 0 0 0 0 
194 157 120 83 48 12 0 0 0 0 
195 158 121 84 47 12 0 0 0 0 
196 159 122 85 48 11 0 0 0 0 
195 159 122 85 48 11 0 0 0 0 
196 158 122 85 48 11 0 0 0 0 
197 159 121 85 48 11 0 0 0 0 
198 160 122 84 48 11 0 0 0 0 
199 161 123 85 47 11 0 0 0 0 
200 162 124 86 48 10 0 0 0 0 
199 162 124 86 48 10 0 0 0 0 
200 161 124 86 48 10 0 0 0 0 
201 162 123 86 48 10 0 0 0 0 
202 163 124 85 48 10 0 0 0 0 
203 164 125 86 47 10 0 0 0 0 
204 165 126 87 48 9 0 0 0 0 
203 165 126 87 48 9 0 0 0 0 
204 164 126 87 48 9 0 0 0 0 
205 165 125 87 48 9 0 0 0 0 
206 166 126 86 48 9 0 0 0 0 
207 167 127 87 47 9 0 0 0 0 
208 168 128 88 48 8 0 0 0 0 
207 168 128 88 48 8 0 0 0 0 
208 167 128 88 48 8 0 0 0 0 
209 168 127 88 48 8 0 0 0 0 
210 169 128 87 48 8 0 0 0 0 
211 170 129 88 47 8 0 0 0 0 
212 171 130 89 48 7 0 0 0 0 
211 171 130 89 48 7 0 0 0 0 
212 170 130 89 48 7 0 0 0 0 
213 171 129 89 48 7 0 0 0 0 
214 172 130 88 48 7 0 0 0 0 
215 173 131 89 47 7 0 0 0 0 
216 174 132 90 48 6 0 0 0 0 
215 174 132 90 48 6 0 0 0 0 
216 173 132 90 48 6 0 0 0 0 
217 174 131 90 48 6 0 0 0 0 
218 175 132 89 48 6 0 0 0 0 
219 176 133 90 47 6 0 0 0 0 
220 177 134 91 48 5 0 0 0 0 
219 177 134 91 48 5 0 0 0 0 
220 176 134 91 48 5 0 0 0 0 
221 177 133 91 48 5 0 0 0 0 
222 178 134 90 48 5 0 0 0 0 
223 179 135 91 47 5 0 0 0 0 
224 180 136 92 48 4 0 0 0 0 
223 180 136 92 48 4 0 0 0 0 
224 179 136 92 48 4 0 0 0 0 
225 180 135 92 48 4 0 0 0 0 
226 181 136 91 48 4 0 0 0 0 
227 182 137 92 47 4 0 0 0 0 
228 183 138 93 48 3 0 0 0 0 
227 183 138 93 48 3 0 0 0 0 
228 182 138 93 48 3 0 0 0 0 
229 183 137 93 48 3 0 0 0 0 
230 184 138 92 48 3 0 0 0 0 
231 185 139 93 47 3 0 0 0 0 
232 186 140 94 48 2 0 0 0 0 
231 186 140 94 48 2 0 0 0 0 
232 185 140 94 48 2 0 0 0 0 
233 186 139 94 48 2 0 0 0 0 
234 187 140 93 48 2 0 0 0 0 
235 188 141 94 47 2 0 0 0 0 
236 189 142 95 48 1 0 0 0 0 
235 189 142 95 48 1 0 0 0 0 
236 188 142 95 48 1 0 0 0 0 
237 189 141 95 48 1 0 0 0 0 
238 190 142 94 48 1 0 0 0 0 
239 191 143 95 47 1 0 0 0 0 
240 192 144 96 48 0 0 0 0 0 
239 192 144 96 48 0 0 0 0 0 
240 191 144 96 48 0 0 0 0 0 
241 192 143 96 48 0 0 0 0 0 
242 193 144 95 48 0 0 0 0 0 
243 194 145 96 47 0 0 0 0 0 
242 194 145 96 47 0 0 0 0 0 
243 193 145 96 47 0 0 0 0 0 
244 194 144 96 47 0 0 0 0 0 
245 195 145 95 47 0 0 0 0 0 
246 196 146 96 46 0 0 0 0 0 
245 196 146 96 46 0 0 0 0 0 
246 195 146 96 46 0 0 0 0 0 
247 196 145 96 46 0 0 0 0 0 
248 197 146 95 46 0 0 0 0 0 
249 198 147 96 45 0 0 0 0 0 
248 198 147 96 45 0 0 0 0 0 
249 197 147 96 45 0 0 0 0 0 
250 198 146 96 45 0 0 0 0 0 
251 199 147 95 45 0 0 0 0 0 
252 200 148 96 44 0 0 0 0 0 
251 200 148 96 44 0 0 0 0 0 
252 199 148 96 44 0 0 0 0 0 
253 200 147 96 44 0 0 0 0 0 
254 201 148 95 44 0 0 0 0 0 
255 202 149 96 43 0 0 0 0 0 
254 202 149 96 43 0 0 0 0 0 
255 201 149 96 43 0 0 0 0 0 
256 202 148 96 43 0 0 0 0 0 
257 203 149 95 43 0 0 0 0 0 
258 204 150 96 42 0 0 0 0 0 
257 204 150 96 42 0 0 0 0 0 
258 203 150 96 42 0 0 0 0 0 
259 204 149 96 42 0 0 0 0 0 
260 205 150 95 42 0 0 0 0 0 
261 206 151 96 41 0 0 0 0 0 
260 206 151 96 41 0 0 0 0 0 
261 205 151 96 41 0 0 0 0 0 
262 206 150 96 41 0 0 0 0 0 
263 207 151 95 41 0 0 0 0 0 
264 208 152 96 40 0 0 0 0 0 
263 208 152 96 40 0 0 0 0 0 
264 207 152 96 40 0 0 0 0 0 
265 208 151 96 40 0 0 0 0 0 
266 209 152 95 40 0 0 0 0 0 
267 210 153 96 39 0 0 0 0 0 
266 210 153 96 39 0 0 0 0 0 
267 209 153 96 39 0 0 0 0 0 
268 210 152 96 39 0 0 0 0 0 
269 211 153 95 39 0 0 0 0 0 
270 212 154 96 38 0 0 0 0 0 
269 212 154 96 38 0 0 0 0 0 
270 211 154 96 38 0 0 0 0 0 
271 212 153 96 38 0 0 0 0 0 
272 213 154 95 38 0 0 0 0 0 
273 214 155 96 37 0 0 0 0 0 
272 214 155 96 37 0 0 0 0 0 
273 213 155 96 37 0 0 0 0 0 
274 214 154 96 37 0 0 0 0 0 
275 215 155 95 37 0 0 0 0 0 
276 216 156 96 36 0 0 0 0 0 
275 216 156 96 36 0 0 0 0 0 
276 215 156 96 36 0 0 0 0 0 
277 216 155 96 36 0 0 0 0 0 
278 217 156 95 36 0 0 0 0 0 
279 218 157 96 35 0 0 0 0 0 
278 218 157 96 35 0 0 0 0 0 
279 217 157 96 35 0 0 0 0 0 
280 218 156 96 35 0 0 0 0 0 
281 219 157 95 35 0 0 0 0 0 
282 220 158 96 34 0 0 0 0 0 
281 220 158 96 34 0 0 0 0 0 
282 219 158 96 34 0 0 0 0 0 
283 220 157 96 34 0 0 0 0 0 
284 221 158 95 34 0 0 0 0 0 
285 222 159 96 33 0 0 0 0 0 
284 222 159 96 33 0 0 0 0 0 
285 221 159 96 33 0 0 0 0 0 
286 222 158 96 33 0 0 0 0 0 
287 223 159 95 33 0 0 0 0 0 
288 224 160 96 32 0 0 0 0 0 
287 224 160 96 32 0 0 0 0 0 
288 223 160 96 32 0 0 0 0 0 
289 224 159 96 32 0 0 0 0 0 
290 225 160 95 32 0 0 0 0 0 
291 226 161 96 31 0 0 0 0 0 
290 226 161 96 31 0 0 0 0 0 
291 225 161 96 31 0 0 0 0 0 
292 226 160 96 31 0 0 0 0 0 
293 227 161 95 31 0 0 0 0 0 
294 228 162 96 30 0 0 0 0 0 
293 228 162 96 30 0 0 0 0 0 
294 227 162 96 30 0 0 0 0 0 
295 228 161 96 30 0 0 0 0 0 
296 229 162 95 30 0 0 0 0 0 
297 230 163 96 29 0 0 0 0 0 
296 230 163 96 29 0 0 0 0 0 
297 229 163 96 29 0 0 0 0 0 
298 230 162 96 29 0 0 0 0 0 
299 231 163 95 29 0 0 0 0 0 
300 232 164 96 28 0 0 0 0 0 
299 232 164 96 28 0 0 0 0 0 
300 231 164 96 28 0 0 0 0 0 
301 232 163 96 28 0 0 0 0 0 
302 233 164 95 28 0 0 0 0 0 
303 234 165 96 27 0 0 0 0 0 
302 234 165 96 27 0 0 0 0 0 
303 233 165 96 27 0 0 0 0 0 
304 234 164 96 27 0 0 0 0 0 
305 235 165 95 27 0 0 0 0 0 
306 236 166 96 26 0 0 0 0 0 
305 236 166 96 26 0 0 0 0 0 
306 235 166 96 26 0 0 0 0 0 
307 236 165 96 26 0 0 0 0 0 
308 237 166 95 26 0 0 0 0 0 
309 238 167 96 25 0 0 0 0 0 
308 238 167 96 25 0 0 0 0 0 
309 237 167 96 25 0 0 0 0 0 
310 238 166 96 25 0 0 0 0 0 
311 239 167 95 25 0 0 0 0 0 
312 240 168 96 24 0 0 0 0 0 
311 240 168 96 24 0 0 0 0 0 
312 239 168 96 24 0 0 0 0 0 
313 240 167 96 24 0 0 0 0 0 
314 241 168 95 24 0 0 0 0 0 
315 242 169 96 23 0 0 0 0 0 
314 242 169 96 23 0 0 0 0 0 
315 241 169 96 23 0 0 0 0 0 
316 242 168 96 23 0 0 0 0 0 
317 243 169 95 23 0 0 0 0 0 
318 244 170 96 22 0 0 0 0 0 
317 244 170 96 22 0 0 0 0 0 
318 243 170 96 22 0 0 0 0 0 
319 244 169 96 22 0 0 0 0 0 
320 245 170 95 22 0 0 0 0 0 
321 246 171 96 21 0 0 0 0 0 
320 246 171 96 21 0 0 0 0 0 
321 245 171 96 21 0 0 0 0 0 
322 246 170 96 21 0 0 0 0 0 
323 247 171 95 21 0 0 0 0 0 
324 248 172 96 20 0 0 0 0 0 
323 248 172 96 20 0 0 0 0 0 
324 247 172 96 20 0 0 0 0 0 
325 248 171 96 20 0 0 0 0 0 
326 249 172 95 20 0 0 0 0 0 
327 250 173 96 19 0 0 0 0 0 
326 250 173 96 19 0 0 0 0 0 
327 249 173 96 19 0 0 0 0 0 
328 250 172 96 19 0 0 0 0 0 
329 251 173 95 19 0 0 0 0 0 
330 252 174 96 18 0 0 0 0 0 
329 252 174 96 18 0 0 0 0 0 
330 251 174 96 18 0 0 0 0 0 
331 252 173 96 18 0 0 0 0 0 
332 253 174 95 18 0 0 0 0 0 
333 254 175 96 17 0 0 0 0 0 
332 254 175 96 17 0 0 0 0 0 
333 253 175 96 17 0 0 0 0 0 
334 254 174 96 17 0 0 0 0 0 
335 255 175 95 17 0 0 0 0 0 
336 256 176 96 16 0 0 0 0 0 
335 256 176 96 16 0 0 0 0 0 
336 255 176 96 16 0 0 0 0 0 
337 256 175 96 16 0 0 0 0 0 
338 257 176 95 16 0 0 0 0 0 
339 258 177 96 15 0 0 0 0 0 
338 258 177 96 15 0 0 0 0 0 
339 257 177 96 15 0 0 0 0 0 
340 258 176 96 15 0 0 0 0 0 
341 259 177 95 15 0 0 0 0 0 
342 260 178 96 14 0 0 0 0 0 
341 260 178 96 14 0 0 0 0 0 
342 259 178 96 14 0 0 0 0 0 
343 260 177 96 14 0 0 0 0 0 
344 261 178 95 14 0 0 0 0 0 
345 262 179 96 13 0 0 0 0 0 
344 262 179 96 13 0 0 0 0 0 
345 261 179 96 13 0 0 0 0 0 
346 262 178 96 13 0 0 0 0 0 
347 263 179 95 13 0 0 0 0 0 
348 264 180 96 12 0 0 0 0 0 
347 264 180 96 12 0 0 0 0 0 
348 263 180 96 12 0 0 0 0 0 
349 264 179 96 12 0 0 0 0 0 
350 265 180 95 12 0 0 0 0 0 
351 266 181 96 11 0 0 0 0 0 
350 266 181 96 11 0 0 0 0 0 
351 265 181 96 11 0 0 0 0 0 
352 266 180 96 11 0 0 0 0 0 
353 267 181 95 11 0 0 0 0 0 
354 268 182 96 10 0 0 0 0 0 
353 268 182 96 10 0 0 0 0 0 
354 267 182 96 10 0 0 0 0 0 
355 268 181 96 10 0 0 0 0 0 
356 269 182 95 10 0 0 0 0 0 
357 270 183 96 9 0 0 0 0 0 
356 270 183 96 9 0 0 0 0 0 
357 269 183 96 9 0 0 0 0 0 
358 270 182 96 9 0 0 0 0 0 
359 271 183 95 9 0 0 0 0 0 
360 272 184 96 8 0 0 0 0 0 
359 272 184 96 8 0 0 0 0 0 
360 271 184 96 8 0 0 0 0 0 
361 272 183 96 8 0 0 0 0 0 
362 273 184 95 8 0 0 0 0 0 
363 274 185 96 7 0 0 0 0 0 
362 274 185 96 7 0 0 0 0 0 
363 273 185 96 7 0 0 0 0 0 
364 274 184 96 7 0 0 0 0 0 
365 275 185 95 7 0 0 0 0 0 
366 276 186 96 6 0 0 0 0 0 
365 276 186 96 6 0 0 0 0 0 
366 275 186 96 6 0 0 0 0 0 
367 276 185 96 6 0 0 0 0 0 
368 277 186 95 6 0 0 0 0 0 
369 278 187 96 5 0 0 0 0 0 
368 278 187 96 5 0 0 0 0 0 
369 277 187 96 5 0 0 0 0 0 
370 278 186 96 5 0 0 0 0 0 
371 279 187 95 5 0 0 0 0 0 
372 280 188 96 4 0 0 0 0 0 
371 280 188 96 4 0 0 0 0 0 
372 279 188 96 4 0 0 0 0 0 
373 280 187 96 4 0 0 0 0 0 
374 281 188 95 4 0 0 0 0 0 
375 282 189 96 3 0 0 0 0 0 
374 282 189 96 3 0 0 0 0 0 
375 281 189 96 3 0 0 0 0 0 
376 282 188 96 3 0 0 0 0 0 
377 283 189 95 3 0 0 0 0 0 
378 284 190 96 2 0 0 0 0 0 
377 284 190 96 2 0 0 0 0 0 
378 283 190 96 2 0 0 0 0 0 
379 284 189 96 2 0 0 0 0 0 
380 285 190 95 2 0 0 0 0 0 
381 286 191 96 1 0 0 0 0 0 
380 286 191 96 1 0 0 0 0 0 
381 285 191 96 1 0 0 0 0 0 
382 286 190 96 1 0 0 0 0 0 
383 287 191 95 1 0 0 0 0 0 
384 288 192 96 0 0 0 0 0 0 
383 288 192 96 0 0 0 0 0 0 
384 287 192 96 0 0 0 0 0 0 
385 288 191 96 0 0 0 0 0 0 
386 289 192 95 0 0 0 0 0 0 
385 289 192 95 0 0 0 0 0 0 
386 288 192 95 0 0 0 0 0 0 
387 289 191 95 0 0 0 0 0 0 
388 290 192 94 0 0 0 0 0 0 
387 290 192 94 0 0 0 0 0 0 
388 289 192 94 0 0 0 0 0 0 
389 290 191 94 0 0 0 0 0 0 
390 291 192 93 0 0 0 0 0 0 
389 291 192 93 0 0 0 0 0 0 
390 290 192 93 0 0 0 0 0 0 
391 291 191 93 0 0 0 0 0 0 
392 292 192 92 0 0 0 0 0 0 
391 292 192 92 0 0 0 0 0 0 
392 291 192 92 0 0 0 0 0 0 
393 292 191 92 0 0 0 0 0 0 
394 293 192 91 0 0 0 0 0 0 
393 293 192 91 0 0 0 0 0 0 
394 292 192 91 0 0 0 0 0 0 
395 293 191 91 0 0 0 0 0 0 
396 294 192 90 0 0 0 0 0 0 
395 294 192 90 0 0 0 0 0 0 
396 293 192 90 0 0 0 0 0 0 
397 294 191 90 0 0 0 0 0 0 
398 295 192 89 0 0 0 0 0 0 
397 295 192 89 0 0 0 0 0 0 
398 294 192 89 0 0 0 0 0 0 
399 295 191 89 0 0 0 0 0 0 
400 296 192 88 0 0 0 0 0 0 
399 296 192 88 0 0 0 0 0 0 
400 295 192 88 0 0 0 0 0 0 
401 296 191 88 0 0 0 0 0 0 
402 297 192 87 0 0 0 0 0 0 
401 297 192 87 0 0 0 0 0 0 
402 296 192 87 0 0 0 0 0 0 
403 297 191 87 0 0 0 0 0 0 
404 298 192 86 0 0 0 0 0 0 
403 298 192 86 0 0 0 0 0 0 
404 297 192 86 0 0 0 0 0 0 
405 298 191 86 0 0 0 0 0 0 
406 299 192 85 0 0 0 0 0 0 
405 299 192 85 0 0 0 0 0 0 
406 298 192 85 0 0 0 0 0 0 
407 299 191 85 0 0 0 0 0 0 
408 300 192 84 0 0 0 0 0 0 
407 300 192 84 0 0 0 0 0 0 
408 299 192 84 0 0 0 0 0 0 
409 300 191 84 0 0 0 0 0 0 
410 301 192 83 0 0 0 0 0 0 
409 301 192 83 0 0 0 0 0 0 
410 300 192 83 0 0 0 0 0 0 
411 301 191 83 0 0 0 0 0 0 
412 302 192 82 0 0 0 0 0 0 
411 302 192 82 0 0 0 0 0 0 
412 301 192 82 0 0 0 0 0 0 
413 302 191 82 0 0 0 0 0 0 
414 303 192 81 0 0 0 0 0 0 
413 303 192 81 0 0 0 0 0 0 
414 302 192 81 0 0 0 0 0 0 
415 303 191 81 0 0 0 0 0 0 
416 304 192 80 0 0 0 0 0 0 
415 304 192 80 0 0 0 0 0 0 
416 303 192 80 0 0 0 0 0 0 
417 304 191 80 0 0 0 0 0 0 
418 305 192 79 0 0 0 0 0 0 
417 305 192 79 0 0 0 0 0 0 
418 304 192 79 0 0 0 0 0 0 
419 305 191 79 0 0 0 0 0 0 
420 306 192 78 0 0 0 0 0 0 
419 306 192 78 0 0 0 0 0 0 
420 305 192 78 0 0 0 0 0 0 
421 306 191 78 0 0 0 0 0 0 
422 307 192 77 0 0 0 0 0 0 
421 307 192 77 0 0 0 0 0 0 
422 306 192 77 0 0 0 0 0 0 
423 307 191 77 0 0 0 0 0 0 
424 308 192 76 0 0 0 0 0 0 
423 308 192 76 0 0 0 0 0 0 
424 307 192 76 0 0 0 0 0 0 
425 308 191 76 0 0 0 0 0 0 
426 309 192 75 0 0 0 0 0 0 
425 309 192 75 0 0 0 0 0 0 
426 308 192 75 0 0 0 0 0 0 
427 309 191 75 0 0 0 0 0 0 
428 310 192 74 0 0 0 0 0 0 
427 310 192 74 0 0 0 0 0 0 
428 309 192 74 0 0 0 0 0 0 
429 310 191 74 0 0 0 0 0 0 
430 311 192 73 0 0 0 0 0 0 
429 311 192 73 0 0 0 0 0 0 
430 310 192 73 0 0 0 0 0 0 
431 311 191 73 0 0 0 0 0 0 
432 312 192 72 0 0 0 0 0 0 
431 312 192 72 0 0 0 0 0 0 
432 311 192 72 0 0 0 0 0 0 
433 312 191 72 0 0 0 0 0 0 
434 313 192 71 0 0 0 0 0 0 
433 313 192 71 0 0 0 0 0 0 
434 312 192 71 0 0 0 0 0 0 
435 313 191 71 0 0 0 0 0 0 
436 314 192 70 0 0 0 0 0 0 
435 314 192 70 0 0 0 0 0 0 
436 313 192 70 0 0 0 0 0 0 
437 314 191 70 0 0 0 0 0 0 
438 315 192 69 0 0 0 0 0 0 
437 315 192 69 0 0 0 0 0 0 
438 314 192 69 0 0 0 0 0 0 
439 315 191 69 0 0 0 0 0 0 
440 316 192 68 0 0 0 0 0 0 
439 316 192 68 0 0 0 0 0 0 
440 315 192 68 0 0 0 0 0 0 
441 316 191 68 0 0 0 0 0 0 
442 317 192 67 0 0 0 0 0 0 
441 317 192 67 0 0 0 0 0 0 
442 316 192 67 0 0 0 0 0 0 
443 317 191 67 0 0 0 0 0 0 
444 318 192 66 0 0 0 0 0 0 
443 318 192 66 0 0 0 0 0 0 
444 317 192 66 0 0 0 0 0 0 
445 318 191 66 0 0 0 0 0 0 
446 319 192 65 0 0 0 0 0 0 
445 319 192 65 0 0 0 0 0 0 
446 318 192 65 0 0 0 0 0 0 
447 319 191 65 0 0 0 0 0 0 
448 320 192 64 0 0 0 0 0 0 
447 320 192 64 0 0 0 0 0 0 
448 319 192 64 0 0 0 0 0 0 
449 320 191 64 0 0 0 0 0 0 
450 321 192 63 0 0 0 0 0 0 
449 321 192 63 0 0 0 0 0 0 
450 320 192 63 0 0 0 0 0 0 
451 321 191 63 0 0 0 0 0 0 
452 322 192 62 0 0 0 0 0 0 
451 322 192 62 0 0 0 0 0 0 
452 321 192 62 0 0 0 0 0 0 
453 322 191 62 0 0 0 0 0 0 
454 323 192 61 0 0 0 0 0 0 
453 323 192 61 0 0 0 0 0 0 
454 322 192 61 0 0 0 0 0 0 
455 323 191 61 0 0 0 0 0 0 
456 324 192 60 0 0 0 0 0 0 
455 324 192 60 0 0 0 0 0 0 
456 323 192 60 0 0 0 0 0 0 
457 324 191 60 0 0 0 0 0 0 
458 325 192 59 0 0 0 0 0 0 
457 325 192 59 0 0 0 0 0 0 
458 324 192 59 0 0 0 0 0 0 
459 325 191 59 0 0 0 0 0 0 
460 326 192 58 0 0 0 0 0 0 
459 326 192 58 0 0 0 0 0 0 
460 325 192 58 0 0 0 0 0 0 
461 326 191 58 0 0 0 0 0 0 
462 327 192 57 0 0 0 0 0 0 
461 327 192 57 0 0 0 0 0 0 
462 326 192 57 0 0 0 0 0 0 
463 327 191 57 0 0 0 0 0 0 
464 328 192 56 0 0 0 0 0 0 
463 328 192 56 0 0 0 0 0 0 
464 327 192 56 0 0 0 0 0 0 
465 328 191 56 0 0 0 0 0 0 
466 329 192 55 0 0 0 0 0 0 
465 329 192 55 0 0 0 0 0 0 
466 328 192 55 0 0 0 0 0 0 
467 329 191 55 0 0 0 0 0 0 
468 330 192 54 0 0 0 0 0 0 
467 330 192 54 0 0 0 0 0 0 
468 329 192 54 0 0 0 0 0 0 
469 330 191 54 0 0 0 0 0 0 
470 331 192 53 0 0 0 0 0 0 
469 331 192 53 0 0 0 0 0 0 
470 330 192 53 0 0 0 0 0 0 
471 331 191 53 0 0 0 0 0 0 
472 332 192 52 0 0 0 0 0 0 
471 332 192 52 0 0 0 0 0 0 
472 331 192 52 0 0 0 0 0 0 
473 332 191 52 0 0 0 0 0 0 
474 333 192 51 0 0 0 0 0 0 
473 333 192 51 0 0 0 0 0 0 
474 332 192 51 0 0 0 0 0 0 
475 333 191 51 0 0 0 0 0 0 
476 334 192 50 0 0 0 0 0 0 
475 334 192 50 0 0 0 0 0 0 
476 333 192 50 0 0 0 0 0 0 
477 334 191 50 0 0 0 0 0 0 
478 335 192 49 0 0 0 0 0 0 
477 335 192 49 0 0 0 0 0 0 
478 334 192 49 0 0 0 0 0 0 
479 335 191 49 0 0 0 0 0 0 
480 336 192 48 0 0 0 0 0 0 
479 336 192 48 0 0 0 0 0 0 
480 335 192 48 0 0 0 0 0 0 
481 336 191 48 0 0 0 0 0 0 
482 337 192 47 0 0 0 0 0 0 
481 337 192 47 0 0 0 0 0 0 
482 336 192 47 0 0 0 0 0 0 
483 337 191 47 0 0 0 0 0 0 
484 338 192 46 0 0 0 0 0 0 
483 338 192 46 0 0 0 0 0 0 
484 337 192 46 0 0 0 0 0 0 
485 338 191 46 0 0 0 0 0 0 
486 339 192 45 0 0 0 0 0 0 
485 339 192 45 0 0 0 0 0 0 
486 338 192 45 0 0 0 0 0 0 
487 339 191 45 0 0 0 0 0 0 
488 340 192 44 0 0 0 0 0 0 
487 340 192 44 0 0 0 0 0 0 
488 339 192 44 0 0 0 0 0 0 
489 340 191 44 0 0 0 0 0 0 
490 341 192 43 0 0 0 0 0 0 
489 341 192 43 0 0 0 0 0 0 
490 340 192 43 0 0 0 0 0 0 
491 341 191 43 0 0 0 0 0 0 
492 342 192 42 0 0 0 0 0 0 
491 342 192 42 0 0 0 0 0 0 
492 341 192 42 0 0 0 0 0 0 
493 342 191 42 0 0 0 0 0 0 
494 343 192 41 0 0 0 0 0 0 
493 343 192 41 0 0 0 0 0 0 
494 342 192 41 0 0 0 0 0 0 
495 343 191 41 0 0 0 0 0 0 
496 344 192 40 0 0 0 0 0 0 
495 344 192 40 0 0 0 0 0 0 
496 343 192 40 0 0 0 0 0 0 
497 344 191 40 0 0 0 0 0 0 
498 345 192 39 0 0 0 0 0 0 
497 345 192 39 0 0 0 0 0 0 
498 344 192 39 0 0 0 0 0 0 
499 345 191 39 0 0 0 0 0 0 
500 346 192 38 0 0 0 0 0 0 
499 346 192 38 0 0 0 0 0 0 
500 345 192 38 0 0 0 0 0 0 
501 346 191 38 0 0 0 0 0 0 
502 347 192 37 0 0 0 0 0 0 
501 347 192 37 0 0 0 0 0 0 
502 346 192 37 0 0 0 0 0 0 
503 347 191 37 0 0 0 0 0 0 
504 348 192 36 0 0 0 0 0 0 
503 348 192 36 0 0 0 0 0 0 
504 347 192 36 0 0 0 0 0 0 
505 348 191 36 0 0 0 0 0 0 
506 349 192 35 0 0 0 0 0 0 
505 349 192 35 0 0 0 0 0 0 
506 348 192 35 0 0 0 0 0 0 
507 349 191 35 0 0 0 0 0 0 
508 350 192 34 0 0 0 0 0 0 
507 350 192 34 0 0 0 0 0 0 
508 349 192 34 0 0 0 0 0 0 
509 350 191 34 0 0 0 0 0 0 
510 351 192 33 0 0 0 0 0 0 
509 351 192 33 0 0 0 0 0 0 
510 350 192 33 0 0 0 0 0 0 
511 351 191 33 0 0 0 0 0 0 
512 352 192 32 0 0 0 0 0 0 
511 352 192 32 0 0 0 0 0 0 
512 351 192 32 0 0 0 0 0 0 
513 352 191 32 0 0 0 0 0 0 
514 353 192 31 0 0 0 0 0 0 
513 353 192 31 0 0 0 0 0 0 
514 352 192 31 0 0 0 0 0 0 
515 353 191 31 0 0 0 0 0 0 
516 354 192 30 0 0 0 0 0 0 
515 354 192 30 0 0 0 0 0 0 
516 353 192 30 0 0 0 0 0 0 
517 354 191 30 0 0 0 0 0 0 
518 355 192 29 0 0 0 0 0 0 
517 355 192 29 0 0 0 0 0 0 
518 354 192 29 0 0 0 0 0 0 
519 355 191 29 0 0 0 0 0 0 
520 356 192 28 0 0 0 0 0 0 
519 356 192 28 0 0 0 0 0 0 
520 355 192 28 0 0 0 0 0 0 
521 356 191 28 0 0 0 0 0 0 
522 357 192 27 0 0 0 0 0 0 
521 357 192 27 0 0 0 0 0 0 
522 356 192 27 0 0 0 0 0 0 
523 357 191 27 0 0 0 0 0 0 
524 358 192 26 0 0 0 0 0 0 
523 358 192 26 0 0 0 0 0 0 
524 357 192 26 0 0 0 0 0 0 
525 358 191 26 0 0 0 0 0 0 
526 359 192 25 0 0 0 0 0 0 
525 359 192 25 0 0 0 0 0 0 
526 358 192 25 0 0 0 0 0 0 
527 359 191 25 0 0 0 0 0 0 
528 360 192 24 0 0 0 0 0 0 
527 360 192 24 0 0 0 0 0 0 
528 359 192 24 0 0 0 0 0 0 
529 360 191 24 0 0 0 0 0 0 
530 361 192 23 0 0 0 0 0 0 
529 361 192 23 0 0 0 0 0 0 
530 360 192 23 0 0 0 0 0 0 
531 361 191 23 0 0 0 0 0 0 
532 362 192 22 0 0 0 0 0 0 
531 362 192 22 0 0 0 0 0 0 
532 361 192 22 0 0 0 0 0 0 
533 362 191 22 0 0 0 0 0 0 
534 363 192 21 0 0 0 0 0 0 
533 363 192 21 0 0 0 0 0 0 
534 362 192 21 0 0 0 0 0 0 
535 363 191 21 0 0 0 0 0 0 
536 364 192 20 0 0 0 0 0 0 
535 364 192 20 0 0 0 0 0 0 
536 363 192 20 0 0 0 0 0 0 
537 364 191 20 0 0 0 0 0 0 
538 365 192 19 0 0 0 0 0 0 
537 365 192 19 0 0 0 0 0 0 
538 364 192 19 0 0 0 0 0 0 
539 365 191 19 0 0 0 0 0 0 
540 366 192 18 0 0 0 0 0 0 
539 366 192 18 0 0 0 0 0 0 
540 365 192 18 0 0 0 0 0 0 
541 366 191 18 0 0 0 0 0 0 
542 367 192 17 0 0 0 0 0 0 
541 367 192 17 0 0 0 0 0 0 
542 366 192 17 0 0 0 0 0 0 
543 367 191 17 0 0 0 0 0 0 
544 368 192 16 0 0 0 0 0 0 
543 368 192 16 0 0 0 0 0 0 
544 367 192 16 0 0 0 0 0 0 
545 368 191 16 0 0 0 0 0 0 
546 369 192 15 0 0 0 0 0 0 
545 369 192 15 0 0 0 0 0 0 
546 368 192 15 0 0 0 0 0 0 
547 369 191 15 0 0 0 0 0 0 
548 370 192 14 0 0 0 0 0 0 
547 370 192 14 0 0 0 0 0 0 
548 369 192 14 0 0 0 0 0 0 
549 370 191 14 0 0 0 0 0 0 
550 371 192 13 0 0 0 0 0 0 
549 371 192 13 0 0 0 0 0 0 
550 370 192 13 0 0 0 0 0 0 
551 371 191 13 0 0 0 0 0 0 
552 372 192 12 0 0 0 0 0 0 
551 372 192 12 0 0 0 0 0 0 
552 371 192 12 0 0 0 0 0 0 
553 372 191 12 0 0 0 0 0 0 
554 373 192 11 0 0 0 0 0 0 
553 373 192 11 0 0 0 0 0 0 
554 372 192 11 0 0 0 0 0 0 
555 373 191 11 0 0 0 0 0 0 
556 374 192 10 0 0 0 0 0 0 
555 374 192 10 0 0 0 0 0 0 
556 373 192 10 0 0 0 0 0 0 
557 374 191 10 0 0 0 0 0 0 
558 375 192 9 0 0 0 0 0 0 
557 375 192 9 0 0 0 0 0 0 
558 374 192 9 0 0 0 0 0 0 
559 375 191 9 0 0 0 0 0 0 
560 376 192 8 0 0 0 0 0 0 
559 376 192 8 0 0 0 0 0 0 
560 375 192 8 0 0 0 0 0 0 
561 376 191 8 0 0 0 0 0 0 
562 377 192 7 0 0 0 0 0 0 
561 377 192 7 0 0 0 0 0 0 
562 376 192 7 0 0 0 0 0 0 
563 377 191 7 0 0 0 0 0 0 
564 378 192 6 0 0 0 0 0 0 
563 378 192 6 0 0 0 0 0 0 
564 377 192 6 0 0 0 0 0 0 
565 378 191 6 0 0 0 0 0 0 
566 379 192 5 0 0 0 0 0 0 
565 379 192 5 0 0 0 0 0 0 
566 378 192 5 0 0 0 0 0 0 
567 379 191 5 0 0 0 0 0 0 
568 380 192 4 0 0 0 0 0 0 
567 380 192 4 0 0 0 0 0 0 
568 379 192 4 0 0 0 0 0 0 
569 380 191 4 0 0 0 0 0 0 
570 381 192 3 0 0 0 0 0 0 
569 381 192 3 0 0 0 0 0 0 
570 380 192 3 0 0 0 0 0 0 
571 381 191 3 0 0 0 0 0 0 
572 382 192 2 0 0 0 0 0 0 
571 382 192 2 0 0 0 0 0 0 
572 381 192 2 0 0 0 0 0 0 
573 382 191 2 0 0 0 0 0 0 
574 383 192 1 0 0 0 0 0 0 
573 383 192 1 0 0 0 0 0 0 
574 382 192 1 0 0 0 0 0 0 
575 383 191 1 0 0 0 0 0 0 
576 384 192 0 0 0 0 0 0 0 
575 384 192 0 0 0 0 0 0 0 
576 383 192 0 0 0 0 0 0 0 
577 384 191 0 0 0 0 0 0 0 
576 384 191 0 0 0 0 0 0 0 
577 383 191 0 0 0 0 0 0 0 
578 384 190 0 0 0 0 0 0 0 
577 384 190 0 0 0 0 0 0 0 
578 383 190 0 0 0 0 0 0 0 
579 384 189 0 0 0 0 0 0 0 
578 384 189 0 0 0 0 0 0 0 
579 383 189 0 0 0 0 0 0 0 
580 384 188 0 0 0 0 0 0 0 
579 384 188 0 0 0 0 0 0 0 
580 383 188 0 0 0 0 0 0 0 
581 384 187 0 0 0 0 0 0 0 
580 384 187 0 0 0 0 0 0 0 
581 383 187 0 0 0 0 0 0 0 
582 384 186 0 0 0 0 0 0 0 
581 384 186 0 0 0 0 0 0 0 
582 383 186 0 0 0 0 0 0 0 
583 384 185 0 0 0 0 0 0 0 
582 384 185 0 0 0 0 0 0 0 
583 383 185 0 0 0 0 0 0 0 
584 384 184 0 0 0 0 0 0 0 
583 384 184 0 0 0 0 0 0 0 
584 383 184 0 0 0 0 0 0 0 
585 384 183 0 0 0 0 0 0 0 
584 384 183 0 0 0 0 0 0 0 
585 383 183 0 0 0 0 0 0 0 
586 384 182 0 0 0 0 0 0 0 
585 384 182 0 0 0 0 0 0 0 
586 383 182 0 0 0 0 0 0 0 
587 384 181 0 0 0 0 0 0 0 
586 384 181 0 0 0 0 0 0 0 
587 383 181 0 0 0 0 0 0 0 
588 384 180 0 0 0 0 0 0 0 
587 384 180 0 0 0 0 0 0 0 
588 383 180 0 0 0 0 0 0 0 
589 384 179 0 0 0 0 0 0 0 
588 384 179 0 0 0 0 0 0 0 
589 383 179 0 0 0 0 0 0 0 
590 384 178 0 0 0 0 0 0 0 
589 384 178 0 0 0 0 0 0 0 
590 383 178 0 0 0 0 0 0 0 
591 384 177 0 0 0 0 0 0 0 
590 384 177 0 0 0 0 0 0 0 
591 383 177 0 0 0 0 0 0 0 
592 384 176 0 0 0 0 0 0 0 
591 384 176 0 0 0 0 0 0 0 
592 383 176 0 0 0 0 0 0 0 
593 384 175 0 0 0 0 0 0 0 
592 384 175 0 0 0 0 0 0 0 
593 383 175 0 0 0 0 0 0 0 
594 384 174 0 0 0 0 0 0 0 
593 384 174 0 0 0 0 0 0 0 
594 383 174 0 0 0 0 0 0 0 
595 384 173 0 0 0 0 0 0 0 
594 384 173 0 0 0 0 0 0 0 
595 383 173 0 0 0 0 0 0 0 
596 384 172 0 0 0 0 0 0 0 
595 384 172 0 0 0 0 0 0 0 
596 383 172 0 0 0 0 0 0 0 
597 384 171 0 0 0 0 0 0 0 
596 384 171 0 0 0 0 0 0 0 
597 383 171 0 0 0 0 0 0 0 
598 384 170 0 0 0 0 0 0 0 
597 384 170 0 0 0 0 0 0 0 
598 383 170 0 0 0 0 0 0 0 
599 384 169 0 0 0 0 0 0 0 
598 384 169 0 0 0 0 0 0 0 
599 383 169 0 0 0 0 0 0 0 
600 384 168 0 0 0 0 0 0 0 
599 384 168 0 0 0 0 0 0 0 
600 383 168 0 0 0 0 0 0 0 
601 384 167 0 0 0 0 0 0 0 
600 384 167 0 0 0 0 0 0 0 
601 383 167 0 0 0 0 0 0 0 
602 384 166 0 0 0 0 0 0 0 
601 384 166 0 0 0 0 0 0 0 
602 383 166 0 0 0 0 0 0 0 
603 384 165 0 0 0 0 0 0 0 
602 384 165 0 0 0 0 0 0 0 
603 383 165 0 0 0 0 0 0 0 
604 384 164 0 0 0 0 0 0 0 
603 384 164 0 0 0 0 0 0 0 
604 383 164 0 0 0 0 0 0 0 
605 384 163 0 0 0 0 0 0 0 
604 384 163 0 0 0 0 0 0 0 
605 383 163 0 0 0 0 0 0 0 
606 384 162 0 0 0 0 0 0 0 
605 384 162 0 0 0 0 0 0 0 
606 383 162 0 0 0 0 0 0 0 
607 384 161 0 0 0 0 0 0 0 
606 384 161 0 0 0 0 0 0 0 
607 383 161 0 0 0 0 0 0 0 
608 384 160 0 0 0 0 0 0 0 
607 384 160 0 0 0 0 0 0 0 
608 383 160 0 0 0 0 0 0 0 
609 384 159 0 0 0 0 0 0 0 
608 384 159 0 0 0 0 0 0 0 
609 383 159 0 0 0 0 0 0 0 
610 384 158 0 0 0 0 0 0 0 
609 384 158 0 0 0 0 0 0 0 
610 383 158 0 0 0 0 0 0 0 
611 384 157 0 0 0 0 0 0 0 
610 384 157 0 0 0 0 0 0 0 
611 383 157 0 0 0 0 0 0 0 
612 384 156 0 0 0 0 0 0 0 
611 384 156 0 0 0 0 0 0 0 
612 383 156 0 0 0 0 0 0 0 
613 384 155 0 0 0 0 0 0 0 
612 384 155 0 0 0 0 0 0 0 
613 383 155 0 0 0 0 0 0 0 
614 384 154 0 0 0 0 0 0 0 
613 384 154 0 0 0 0 0 0 0 
614 383 154 0 0 0 0 0 0 0 
615 384 153 0 0 0 0 0 0 0 
614 384 153 0 0 0 0 0 0 0 
615 383 153 0 0 0 0 0 0 0 
616 384 152 0 0 0 0 0 0 0 
615 384 152 0 0 0 0 0 0 0 
616 383 152 0 0 0 0 0 0 0 
617 384 151 0 0 0 0 0 0 0 
616 384 151 0 0 0 0 0 0 0 
617 383 151 0 0 0 0 0 0 0 
618 384 150 0 0 0 0 0 0 0 
617 384 150 0 0 0 0 0 0 0 
618 383 150 0 0 0 0 0 0 0 
619 384 149 0 0 0 0 0 0 0 
618 384 149 0 0 0 0 0 0 0 
619 383 149 0 0 0 0 0 0 0 
620 384 148 0 0 0 0 0 0 0 
619 384 148 0 0 0 0 0 0 0 
620 383 148 0 0 0 0 0 0 0 
621 384 147 0 0 0 0 0 0 0 
620 384 147 0 0 0 0 0 0 0 
621 383 147 0 0 0 0 0 0 0 
622 384 146 0 0 0 0 0 0 0 
621 384 146 0 0 0 0 0 0 0 
622 383 146 0 0 0 0 0 0 0 
623 384 145 0 0 0 0 0 0 0 
622 384 145 0 0 0 0 0 0 0 
623 383 145 0 0 0 0 0 0 0 
624 384 144 0 0 0 0 0 0 0 
623 384 144 0 0 0 0 0 0 0 
624 383 144 0 0 0 0 0 0 0 
625 384 143 0 0 0 0 0 0 0 
624 384 143 0 0 0 0 0 0 0 
625 383 143 0 0 0 0 0 0 0 
626 384 142 0 0 0 0 0 0 0 
625 384 142 0 0 0 0 0 0 0 
626 383 142 0 0 0 0 0 0 0 
627 384 141 0 0 0 0 0 0 0 
626 384 141 0 0 0 0 0 0 0 
627 383 141 0 0 0 0 0 0 0 
628 384 140 0 0 0 0 0 0 0 
627 384 140 0 0 0 0 0 0 0 
628 383 140 0 0 0 0 0 0 0 
629 384 139 0 0 0 0 0 0 0 
628 384 139 0 0 0 0 0 0 0 
629 383 139 0 0 0 0 0 0 0 
630 384 138 0 0 0 0 0 0 0 
629 384 138 0 0 0 0 0 0 0 
630 383 138 0 0 0 0 0 0 0 
631 384 137 0 0 0 0 0 0 0 
630 384 137 0 0 0 0 0 0 0 
631 383 137 0 0 0 0 0 0 0 
632 384 136 0 0 0 0 0 0 0 
631 384 136 0 0 0 0 0 0 0 
632 383 136 0 0 0 0 0 0 0 
633 384 135 0 0 0 0 0 0 0 
632 384 135 0 0 0 0 0 0 0 
633 383 135 0 0 0 0 0 0 0 
634 384 134 0 0 0 0 0 0 0 
633 384 134 0 0 0 0 0 0 0 
634 383 134 0 0 0 0 0 0 0 
635 384 133 0 0 0 0 0 0 0 
634 384 133 0 0 0 0 0 0 0 
635 383 133 0 0 0 0 0 0 0 
636 384 132 0 0 0 0 0 0 0 
635 384 132 0 0 0 0 0 0 0 
636 383 132 0 0 0 0 0 0 0 
637 384 131 0 0 0 0 0 0 0 
636 384 131 0 0 0 0 0 0 0 
637 383 131 0 0 0 0 0 0 0 
638 384 130 0 0 0 0 0 0 0 
637 384 130 0 0 0 0 0 0 0 
638 383 130 0 0 0 0 0 0 0 
639 384 129 0 0 0 0 0 0 0 
638 384 129 0 0 0 0 0 0 0 
639 383 129 0 0 0 0 0 0 0 
640 384 128 0 0 0 0 0 0 0 
639 384 128 0 0 0 0 0 0 0 
640 383 128 0 0 0 0 0 0 0 
641 384 127 0 0 0 0 0 0 0 
640 384 127 0 0 0 0 0 0 0 
641 383 127 0 0 0 0 0 0 0 
642 384 126 0 0 0 0 0 0 0 
641 384 126 0 0 0 0 0 0 0 
642 383 126 0 0 0 0 0 0 0 
643 384 125 0 0 0 0 0 0 0 
642 384 125 0 0 0 0 0 0 0 
643 383 125 0 0 0 0 0 0 0 
644 384 124 0 0 0 0 0 0 0 
643 384 124 0 0 0 0 0 0 0 
644 383 124 0 0 0 0 0 0 0 
645 384 123 0 0 0 0 0 0 0 
644 384 123 0 0 0 0 0 0 0 
645 383 123 0 0 0 0 0 0 0 
646 384 122 0 0 0 0 0 0 0 
645 384 122 0 0 0 0 0 0 0 
646 383 122 0 0 0 0 0 0 0 
647 384 121 0 0 0 0 0 0 0 
646 384 121 0 0 0 0 0 0 0 
647 383 121 0 0 0 0 0 0 0 
648 384 120 0 0 0 0 0 0 0 
647 384 120 0 0 0 0 0 0 0 
648 383 120 0 0 0 0 0 0 0 
649 384 119 0 0 0 0 0 0 0 
648 384 119 0 0 0 0 0 0 0 
649 383 119 0 0 0 0 0 0 0 
650 384 118 0 0 0 0 0 0 0 
649 384 118 0 0 0 0 0 0 0 
650 383 118 0 0 0 0 0 0 0 
651 384 117 0 0 0 0 0 0 0 
650 384 117 0 0 0 0 0 0 0 
651 383 117 0 0 0 0 0 0 0 
652 384 116 0 0 0 0 0 0 0 
651 384 116 0 0 0 0 0 0 0 
652 383 116 0 0 0 0 0 0 0 
653 384 115 0 0 0 0 0 0 0 
652 384 115 0 0 0 0 0 0 0 
653 383 115 0 0 0 0 0 0 0 
654 384 114 0 0 0 0 0 0 0 
653 384 114 0 0 0 0 0 0 0 
654 383 114 0 0 0 0 0 0 0 
655 384 113 0 0 0 0 0 0 0 
654 384 113 0 0 0 0 0 0 0 
655 383 113 0 0 0 0 0 0 0 
656 384 112 0 0 0 0 0 0 0 
655 384 112 0 0 0 0 0 0 0 
656 383 112 0 0 0 0 0 0 0 
657 384 111 0 0 0 0 0 0 0 
656 384 111 0 0 0 0 0 0 0 
657 383 111 0 0 0 0 0 0 0 
658 384 110 0 0 0 0 0 0 0 
657 384 110 0 0 0 0 0 0 0 
658 383 110 0 0 0 0 0 0 0 
659 384 109 0 0 0 0 0 0 0 
658 384 109 0 0 0 0 0 0 0 
659 383 109 0 0 0 0 0 0 0 
660 384 108 0 0 0 0 0 0 0 
659 384 108 0 0 0 0 0 0 0 
660 383 108 0 0 0 0 0 0 0 
661 384 107 0 0 0 0 0 0 0 
660 384 107 0 0 0 0 0 0 0 
661 383 107 0 0 0 0 0 0 0 
662 384 106 0 0 0 0 0 0 0 
661 384 106 0 0 0 0 0 0 0 
662 383 106 0 0 0 0 0 0 0 
663 384 105 0 0 0 0 0 0 0 
662 384 105 0 0 0 0 0 0 0 
663 383 105 0 0 0 0 0 0 0 
664 384 104 0 0 0 0 0 0 0 
663 384 104 0 0 0 0 0 0 0 
664 383 104 0 0 0 0 0 0 0 
665 384 103 0 0 0 0 0 0 0 
664 384 103 0 0 0 0 0 0 0 
665 383 103 0 0 0 0 0 0 0 
666 384 102 0 0 0 0 0 0 0 
665 384 102 0 0 0 0 0 0 0 
666 383 102 0 0 0 0 0 0 0 
667 384 101 0 0 0 0 0 0 0 
666 384 101 0 0 0 0 0 0 0 
667 383 101 0 0 0 0 0 0 0 
668 384 100 0 0 0 0 0 0 0 
667 384 100 0 0 0 0 0 0 0 
668 383 100 0 0 0 0 0 0 0 
669 384 99 0 0 0 0 0 0 0 
668 384 99 0 0 0 0 0 0 0 
669 383 99 0 0 0 0 0 0 0 
670 384 98 0 0 0 0 0 0 0 
669 384 98 0 0 0 0 0 0 0 
670 383 98 0 0 0 0 0 0 0 
671 384 97 0 0 0 0 0 0 0 
670 384 97 0 0 0 0 0 0 0 
671 383 97 0 0 0 0 0 0 0 
672 384 96 0 0 0 0 0 0 0 
671 384 96 0 0 0 0 0 0 0 
672 383 96 0 0 0 0 0 0 0 
673 384 95 0 0 0 0 0 0 0 
672 384 95 0 0 0 0 0 0 0 
673 383 95 0 0 0 0 0 0 0 
674 384 94 0 0 0 0 0 0 0 
673 384 94 0 0 0 0 0 0 0 
674 383 94 0 0 0 0 0 0 0 
675 384 93 0 0 0 0 0 0 0 
674 384 93 0 0 0 0 0 0 0 
675 383 93 0 0 0 0 0 0 0 
676 384 92 0 0 0 0 0 0 0 
675 384 92 0 0 0 0 0 0 0 
676 383 92 0 0 0 0 0 0 0 
677 384 91 0 0 0 0 0 0 0 
676 384 91 0 0 0 0 0 0 0 
677 383 91 0 0 0 0 0 0 0 
678 384 90 0 0 0 0 0 0 0 
677 384 90 0 0 0 0 0 0 0 
678 383 90 0 0 0 0 0 0 0 
679 384 89 0 0 0 0 0 0 0 
678 384 89 0 0 0 0 0 0 0 
679 383 89 0 0 0 0 0 0 0 
680 384 88 0 0 0 0 0 0 0 
679 384 88 0 0 0 0 0 0 0 
680 383 88 0 0 0 0 0 0 0 
681 384 87 0 0 0 0 0 0 0 
680 384 87 0 0 0 0 0 0 0 
681 383 87 0 0 0 0 0 0 0 
682 384 86 0 0 0 0 0 0 0 
681 384 86 0 0 0 0 0 0 0 
682 383 86 0 0 0 0 0 0 0 
683 384 85 0 0 0 0 0 0 0 
682 384 85 0 0 0 0 0 0 0 
683 383 85 0 0 0 0 0 0 0 
684 384 84 0 0 0 0 0 0 0 
683 384 84 0 0 0 0 0 0 0 
684 383 84 0 0 0 0 0 0 0 
685 384 83 0 0 0 0 0 0 0 
684 384 83 0 0 0 0 0 0 0 
685 383 83 0 0 0 0 0 0 0 
686 384 82 0 0 0 0 0 0 0 
685 384 82 0 0 0 0 0 0 0 
686 383 82 0 0 0 0 0 0 0 
687 384 81 0 0 0 0 0 0 0 
686 384 81 0 0 0 0 0 0 0 
687 383 81 0 0 0 0 0 0 0 
688 384 80 0 0 0 0 0 0 0 
687 384 80 0 0 0 0 0 0 0 
688 383 80 0 0 0 0 0 0 0 
689 384 79 0 0 0 0 0 0 0 
688 384 79 0 0 0 0 0 0 0 
689 383 79 0 0 0 0 0 0 0 
690 384 78 0 0 0 0 0 0 0 
689 384 78 0 0 0 0 0 0 0 
690 383 78 0 0 0 0 0 0 0 
691 384 77 0 0 0 0 0 0 0 
690 384 77 0 0 0 0 0 0 0 
691 383 77 0 0 0 0 0 0 0 
692 384 76 0 0 0 0 0 0 0 
691 384 76 0 0 0 0 0 0 0 
692 383 76 0 0 0 0 0 0 0 
693 384 75 0 0 0 0 0 0 0 
692 384 75 0 0 0 0 0 0 0 
693 383 75 0 0 0 0 0 0 0 
694 384 74 0 0 0 0 0 0 0 
693 384 74 0 0 0 0 0 0 0 
694 383 74 0 0 0 0 0 0 0 
695 384 73 0 0 0 0 0 0 0 
694 384 73 0 0 0 0 0 0 0 
695 383 73 0 0 0 0 0 0 0 
696 384 72 0 0 0 0 0 0 0 
695 384 72 0 0 0 0 0 0 0 
696 383 72 0 0 0 0 0 0 0 
697 384 71 0 0 0 0 0 0 0 
696 384 71 0 0 0 0 0 0 0 
697 383 71 0 0 0 0 0 0 0 
698 384 70 0 0 0 0 0 0 0 
697 384 70 0 0 0 0 0 0 0 
698 383 70 0 0 0 0 0 0 0 
699 384 69 0 0 0 0 0 0 0 
698 384 69 0 0 0 0 0 0 0 
699 383 69 0 0 0 0 0 0 0 
700 384 68 0 0 0 0 0 0 0 
699 384 68 0 0 0 0 0 0 0 
700 383 68 0 0 0 0 0 0 0 
701 384 67 0 0 0 0 0 0 0 
700 384 67 0 0 0 0 0 0 0 
701 383 67 0 0 0 0 0 0 0 
702 384 66 0 0 0 0 0 0 0 
701 384 66 0 0 0 0 0 0 0 
702 383 66 0 0 0 0 0 0 0 
703 384 65 0 0 0 0 0 0 0 
702 384 65 0 0 0 0 0 0 0 
703 383 65 0 0 0 0 0 0 0 
704 384 64 0 0 0 0 0 0 0 
703 384 64 0 0 0 0 0 0 0 
704 383 64 0 0 0 0 0 0 0 
705 384 63 0 0 0 0 0 0 0 
704 384 63 0 0 0 0 0 0 0 
705 383 63 0 0 0 0 0 0 0 
706 384 62 0 0 0 0 0 0 0 
705 384 62 0 0 0 0 0 0 0 
706 383 62 0 0 0 0 0 0 0 
707 384 61 0 0 0 0 0 0 0 
706 384 61 0 0 0 0 0 0 0 
707 383 61 0 0 0 0 0 0 0 
708 384 60 0 0 0 0 0 0 0 
707 384 60 0 0 0 0 0 0 0 
708 383 60 0 0 0 0 0 0 0 
709 384 59 0 0 0 0 0 0 0 
708 384 59 0 0 0 0 0 0 0 
709 383 59 0 0 0 0 0 0 0 
710 384 58 0 0 0 0 0 0 0 
709 384 58 0 0 0 0 0 0 0 
710 383 58 0 0 0 0 0 0 0 
711 384 57 0 0 0 0 0 0 0 
710 384 57 0 0 0 0 0 0 0 
711 383 57 0 0 0 0 0 0 0 
712 384 56 0 0 0 0 0 0 0 
711 384 56 0 0 0 0 0 0 0 
712 383 56 0 0 0 0 0 0 0 
713 384 55 0 0 0 0 0 0 0 
712 384 55 0 0 0 0 0 0 0 
713 383 55 0 0 0 0 0 0 0 
714 384 54 0 0 0 0 0 0 0 
713 384 54 0 0 0 0 0 0 0 
714 383 54 0 0 0 0 0 0 0 
715 384 53 0 0 0 0 0 0 0 
714 384 53 0 0 0 0 0 0 0 
715 383 53 0 0 0 0 0 0 0 
716 384 52 0 0 0 0 0 0 0 
715 384 52 0 0 0 0 0 0 0 
716 383 52 0 0 0 0 0 0 0 
717 384 51 0 0 0 0 0 0 0 
716 384 51 0 0 0 0 0 0 0 
717 383 51 0 0 0 0 0 0 0 
718 384 50 0 0 0 0 0 0 0 
717 384 50 0 0 0 0 0 0 0 
718 383 50 0 0 0 0 0 0 0 
719 384 49 0 0 0 0 0 0 0 
718 384 49 0 0 0 0 0 0 0 
719 383 49 0 0 0 0 0 0 0 
720 384 48 0 0 0 0 0 0 0 
719 384 48 0 0 0 0 0 0 0 
720 383 48 0 0 0 0 0 0 0 
721 384 47 0 0 0 0 0 0 0 
720 384 47 0 0 0 0 0 0 0 
721 383 47 0 0 0 0 0 0 0 
722 384 46 0 0 0 0 0 0 0 
721 384 46 0 0 0 0 0 0 0 
722 383 46 0 0 0 0 0 0 0 
723 384 45 0 0 0 0 0 0 0 
722 384 45 0 0 0 0 0 0 0 
723 383 45 0 0 0 0 0 0 0 
724 384 44 0 0 0 0 0 0 0 
723 384 44 0 0 0 0 0 0 0 
724 383 44 0 0 0 0 0 0 0 
725 384 43 0 0 0 0 0 0 0 
724 384 43 0 0 0 0 0 0 0 
725 383 43 0 0 0 0 0 0 0 
726 384 42 0 0 0 0 0 0 0 
725 384 42 0 0 0 0 0 0 0 
726 383 42 0 0 0 0 0 0 0 
727 384 41 0 0 0 0 0 0 0 
726 384 41 0 0 0 0 0 0 0 
727 383 41 0 0 0 0 0 0 0 
728 384 40 0 0 0 0 0 0 0 
727 384 40 0 0 0 0 0 0 0 
728 383 40 0 0 0 0 0 0 0 
729 384 39 0 0 0 0 0 0 0 
728 384 39 0 0 0 0 0 0 0 
729 383 39 0 0 0 0 0 0 0 
730 384 38 0 0 0 0 0 0 0 
729 384 38 0 0 0 0 0 0 0 
730 383 38 0 0 0 0 0 0 0 
731 384 37 0 0 0 0 0 0 0 
730 384 37 0 0 0 0 0 0 0 
731 383 37 0 0 0 0 0 0 0 
732 384 36 0 0 0 0 0 0 0 
731 384 36 0 0 0 0 0 0 0 
732 383 36 0 0 0 0 0 0 0 
733 384 35 0 0 0 0 0 0 0 
732 384 35 0 0 0 0 0 0 0 
733 383 35 0 0 0 0 0 0 0 
734 384 34 0 0 0 0 0 0 0 
733 384 34 0 0 0 0 0 0 0 
734 383 34 0 0 0 0 0 0 0 
735 384 33 0 0 0 0 0 0 0 
734 384 33 0 0 0 0 0 0 0 
735 383 33 0 0 0 0 0 0 0 
736 384 32 0 0 0 0 0 0 0 
735 384 32 0 0 0 0 0 0 0 
736 383 32 0 0 0 0 0 0 0 
737 384 31 0 0 0 0 0 0 0 
736 384 31 0 0 0 0 0 0 0 
737 383 31 0 0 0 0 0 0 0 
738 384 30 0 0 0 0 0 0 0 
737 384 30 0 0 0 0 0 0 0 
738 383 30 0 0 0 0 0 0 0 
739 384 29 0 0 0 0 0 0 0 
738 384 29 0 0 0 0 0 0 0 
739 383 29 0 0 0 0 0 0 0 
740 384 28 0 0 0 0 0 0 0 
739 384 28 0 0 0 0 0 0 0 
740 383 28 0 0 0 0 0 0 0 
741 384 27 0 0 0 0 0 0 0 
740 384 27 0 0 0 0 0 0 0 
741 383 27 0 0 0 0 0 0 0 
742 384 26 0 0 0 0 0 0 0 
741 384 26 0 0 0 0 0 0 0 
742 383 26 0 0 0 0 0 0 0 
743 384 25 0 0 0 0 0 0 0 
742 384 25 0 0 0 0 0 0 0 
743 383 25 0 0 0 0 0 0 0 
744 384 24 0 0 0 0 0 0 0 
743 384 24 0 0 0 0 0 0 0 
744 383 24 0 0 0 0 0 0 0 
745 384 23 0 0 0 0 0 0 0 
744 384 23 0 0 0 0 0 0 0 
745 383 23 0 0 0 0 0 0 0 
746 384 22 0 0 0 0 0 0 0 
745 384 22 0 0 0 0 0 0 0 
746 383 22 0 0 0 0 0 0 0 
747 384 21 0 0 0 0 0 0 0 
746 384 21 0 0 0 0 0 0 0 
747 383 21 0 0 0 0 0 0 0 
748 384 20 0 0 0 0 0 0 0 
747 384 20 0 0 0 0 0 0 0 
748 383 20 0 0 0 0 0 0 0 
749 384 19 0 0 0 0 0 0 0 
748 384 19 0 0 0 0 0 0 0 
749 383 19 0 0 0 0 0 0 0 
750 384 18 0 0 0 0 0 0 0 
749 384 18 0 0 0 0 0 0 0 
750 383 18 0 0 0 0 0 0 0 
751 384 17 0 0 0 0 0 0 0 
750 384 17 0 0 0 0 0 0 0 
751 383 17 0 0 0 0 0 0 0 
752 384 16 0 0 0 0 0 0 0 
751 384 16 0 0 0 0 0 0 0 
752 383 16 0 0 0 0 0 0 0 
753 384 15 0 0 0 0 0 0 0 
752 384 15 0 0 0 0 0 0 0 
753 383 15 0 0 0 0 0 0 0 
754 384 14 0 0 0 0 0 0 0 
753 384 14 0 0 0 0 0 0 0 
754 383 14 0 0 0 0 0 0 0 
755 384 13 0 0 0 0 0 0 0 
754 384 13 0 0 0 0 0 0 0 
755 383 13 0 0 0 0 0 0 0 
756 384 12 0 0 0 0 0 0 0 
755 384 12 0 0 0 0 0 0 0 
756 383 12 0 0 0 0 0 0 0 
757 384 11 0 0 0 0 0 0 0 
756 384 11 0 0 0 0 0 0 0 
757 383 11 0 0 0 0 0 0 0 
758 384 10 0 0 0 0 0 0 0 
757 384 10 0 0 0 0 0 0 0 
758 383 10 0 0 0 0 0 0 0 
759 384 9 0 0 0 0 0 0 0 
758 384 9 0 0 0 0 0 0 0 
759 383 9 0 0 0 0 0 0 0 
760 384 8 0 0 0 0 0 0 0 
759 384 8 0 0 0 0 0 0 0 
760 383 8 0 0 0 0 0 0 0 
761 384 7 0 0 0 0 0 0 0 
760 384 7 0 0 0 0 0 0 0 
761 383 7 0 0 0 0 0 0 0 
762 384 6 0 0 0 0 0 0 0 
761 384 6 0 0 0 0 0 0 0 
762 383 6 0 0 0 0 0 0 0 
763 384 5 0 0 0 0 0 0 0 
762 384 5 0 0 0 0 0 0 0 
763 383 5 0 0 0 0 0 0 0 
764 384 4 0 0 0 0 0 0 0 
763 384 4 0 0 0 0 0 0 0 
764 383 4 0 0 0 0 0 0 0 
765 384 3 0 0 0 0 0 0 0 
764 384 3 0 0 0 0 0 0 0 
765 383 3 0 0 0 0 0 0 0 
766 384 2 0 0 0 0 0 0 0 
765 384 2 0 0 0 0 0 0 0 
766 383 2 0 0 0 0 0 0 0 
767 384 1 0 0 0 0 0 0 0 
766 384 1 0 0 0 0 0 0 0 
767 383 1 0 0 0 0 0 0 0 
768 384 0 0 0 0 0 0 0 0 
767 384 0 0 0 0 0 0 0 0 
768 383 0 0 0 0 0 0 0 0 
767 383 0 0 0 0 0 0 0 0 
768 382 0 0 0 0 0 0 0 0 
767 382 0 0 0 0 0 0 0 0 
768 381 0 0 0 0 0 0 0 0 
767 381 0 0 0 0 0 0 0 0 
768 380 0 0 0 0 0 0 0 0 
767 380 0 0 0 0 0 0 0 0 
768 379 0 0 0 0 0 0 0 0 
767 379 0 0 0 0 0 0 0 0 
768 378 0 0 0 0 0 0 0 0 
767 378 0 0 0 0 0 0 0 0 
768 377 0 0 0 0 0 0 0 0 
767 377 0 0 0 0 0 0 0 0 
768 376 0 0 0 0 0 0 0 0 
767 376 0 0 0 0 0 0 0 0 
768 375 0 0 0 0 0 0 0 0 
767 375 0 0 0 0 0 0 0 0 
768 374 0 0 0 0 0 0 0 0 
767 374 0 0 0 0 0 0 0 0 
768 373 0 0 0 0 0 0 0 0 
767 373 0 0 0 0 0 0 0 0 
768 372 0 0 0 0 0 0 0 0 
767 372 0 0 0 0 0 0 0 0 
768 371 0 0 0 0 0 0 0 0 
767 371 0 0 0 0 0 0 0 0 
768 370 0 0 0 0 0 0 0 0 
767 370 0 0 0 0 0 0 0 0 
768 369 0 0 0 0 0 0 0 0 
767 369 0 0 0 0 0 0 0 0 
768 368 0 0 0 0 0 0 0 0 
767 368 0 0 0 0 0 0 0 0 
768 367 0 0 0 0 0 0 0 0 
767 367 0 0 0 0 0 0 0 0 
768 366 0 0 0 0 0 0 0 0 
767 366 0 0 0 0 0 0 0 0 
768 365 0 0 0 0 0 0 0 0 
767 365 0 0 0 0 0 0 0 0 
768 364 0 0 0 0 0 0 0 0 
767 364 0 0 0 0 0 0 0 0 
768 363 0 0 0 0 0 0 0 0 
767 363 0 0 0 0 0 0 0 0 
768 362 0 0 0 0 0 0 0 0 
767 362 0 0 0 0 0 0 0 0 
768 361 0 0 0 0 0 0 0 0 
767 361 0 0 0 0 0 0 0 0 
768 360 0 0 0 0 0 0 0 0 
767 360 0 0 0 0 0 0 0 0 
768 359 0 0 0 0 0 0 0 0 
767 359 0 0 0 0 0 0 0 0 
768 358 0 0 0 0 0 0 0 0 
767 358 0 0 0 0 0 0 0 0 
768 357 0 0 0 0 0 0 0 0 
767 357 0 0 0 0 0 0 0 0 
768 356 0 0 0 0 0 0 0 0 
767 356 0 0 0 0 0 0 0 0 
768 355 0 0 0 0 0 0 0 0 
767 355 0 0 0 0 0 0 0 0 
768 354 0 0 0 0 0 0 0 0 
767 354 0 0 0 0 0 0 0 0 
768 353 0 0 0 0 0 0 0 0 
767 353 0 0 0 0 0 0 0 0 
768 352 0 0 0 0 0 0 0 0 
767 352 0 0 0 0 0 0 0 0 
768 351 0 0 0 0 0 0 0 0 
767 351 0 0 0 0 0 0 0 0 
768 350 0 0 0 0 0 0 0 0 
767 350 0 0 0 0 0 0 0 0 
768 349 0 0 0 0 0 0 0 0 
767 349 0 0 0 0 0 0 0 0 
768 348 0 0 0 0 0 0 0 0 
767 348 0 0 0 0 0 0 0 0 
768 347 0 0 0 0 0 0 0 0 
767 347 0 0 0 0 0 0 0 0 
768 346 0 0 0 0 0 0 0 0 
767 346 0 0 0 0 0 0 0 0 
768 345 0 0 0 0 0 0 0 0 
767 345 0 0 0 0 0 0 0 0 
768 344 0 0 0 0 0 0 0 0 
767 344 0 0 0 0 0 0 0 0 
768 343 0 0 0 0 0 0 0 0 
767 343 0 0 0 0 0 0 0 0 
768 342 0 0 0 0 0 0 0 0 
767 342 0 0 0 0 0 0 0 0 
768 341 0 0 0 0 0 0 0 0 
767 341 0 0 0 0 0 0 0 0 
768 340 0 0 0 0 0 0 0 0 
767 340 0 0 0 0 0 0 0 0 
768 339 0 0 0 0 0 0 0 0 
767 339 0 0 0 0 0 0 0 0 
768 338 0 0 0 0 0 0 0 0 
767 338 0 0 0 0 0 0 0 0 
768 337 0 0 0 0 0 0 0 0 
767 337 0 0 0 0 0 0 0 0 
768 336 0 0 0 0 0 0 0 0 
767 336 0 0 0 0 0 0 0 0 
768 335 0 0 0 0 0 0 0 0 
767 335 0 0 0 0 0 0 0 0 
768 334 0 0 0 0 0 0 0 0 
767 334 0 0 0 0 0 0 0 0 
768 333 0 0 0 0 0 0 0 0 
767 333 0 0 0 0 0 0 0 0 
768 332 0 0 0 0 0 0 0 0 
767 332 0 0 0 0 0 0 0 0 
768 331 0 0 0 0 0 0 0 0 
767 331 0 0 0 0 0 0 0 0 
768 330 0 0 0 0 0 0 0 0 
767 330 0 0 0 0 0 0 0 0 
768 329 0 0 0 0 0 0 0 0 
767 329 0 0 0 0 0 0 0 0 
768 328 0 0 0 0 0 0 0 0 
767 328 0 0 0 0 0 0 0 0 
768 327 0 0 0 0 0 0 0 0 
767 327 0 0 0 0 0 0 0 0 
768 326 0 0 0 0 0 0 0 0 
767 326 0 0 0 0 0 0 0 0 
768 325 0 0 0 0 0 0 0 0 
767 325 0 0 0 0 0 0 0 0 
768 324 0 0 0 0 0 0 0 0 
767 324 0 0 0 0 0 0 0 0 
768 323 0 0 0 0 0 0 0 0 
767 323 0 0 0 0 0 0 0 0 
768 322 0 0 0 0 0 0 0 0 
767 322 0 0 0 0 0 0 0 0 
768 321 0 0 0 0 0 0 0 0 
767 321 0 0 0 0 0 0 0 0 
768 320 0 0 0 0 0 0 0 0 
767 320 0 0 0 0 0 0 0 0 
768 319 0 0 0 0 0 0 0 0 
767 319 0 0 0 0 0 0 0 0 
768 318 0 0 0 0 0 0 0 0 
767 318 0 0 0 0 0 0 0 0 
768 317 0 0 0 0 0 0 0 0 
767 317 0 0 0 0 0 0 0 0 
768 316 0 0 0 0 0 0 0 0 
767 316 0 0 0 0 0 0 0 0 
768 315 0 0 0 0 0 0 0 0 
767 315 0 0 0 0 0 0 0 0 
768 314 0 0 0 0 0 0 0 0 
767 314 0 0 0 0 0 0 0 0 
768 313 0 0 0 0 0 0 0 0 
767 313 0 0 0 0 0 0 0 0 
768 312 0 0 0 0 0 0 0 0 
767 312 0 0 0 0 0 0 0 0 
768 311 0 0 0 0 0 0 0 0 
767 311 0 0 0 0 0 0 0 0 
768 310 0 0 0 0 0 0 0 0 
767 310 0 0 0 0 0 0 0 0 
768 309 0 0 0 0 0 0 0 0 
767 309 0 0 0 0 0 0 0 0 
768 308 0 0 0 0 0 0 0 0 
767 308 0 0 0 0 0 0 0 0 
768 307 0 0 0 0 0 0 0 0 
767 307 0 0 0 0 0 0 0 0 
768 306 0 0 0 0 0 0 0 0 
767 306 0 0 0 0 0 0 0 0 
768 305 0 0 0 0 0 0 0 0 
767 305 0 0 0 0 0 0 0 0 
768 304 0 0 0 0 0 0 0 0 
767 304 0 0 0 0 0 0 0 0 
768 303 0 0 0 0 0 0 0 0 
767 303 0 0 0 0 0 0 0 0 
768 302 0 0 0 0 0 0 0 0 
767 302 0 0 0 0 0 0 0 0 
768 301 0 0 0 0 0 0 0 0 
767 301 0 0 0 0 0 0 0 0 
768 300 0 0 0 0 0 0 0 0 
767 300 0 0 0 0 0 0 0 0 
768 299 0 0 0 0 0 0 0 0 
767 299 0 0 0 0 0 0 0 0 
768 298 0 0 0 0 0 0 0 0 
767 298 0 0 0 0 0 0 0 0 
768 297 0 0 0 0 0 0 0 0 
767 297 0 0 0 0 0 0 0 0 
768 296 0 0 0 0 0 0 0 0 
767 296 0 0 0 0 0 0 0 0 
768 295 0 0 0 0 0 0 0 0 
767 295 0 0 0 0 0 0 0 0 
768 294 0 0 0 0 0 0 0 0 
767 294 0 0 0 0 0 0 0 0 
768 293 0 0 0 0 0 0 0 0 
767 293 0 0 0 0 0 0 0 0 
768 292 0 0 0 0 0 0 0 0 
767 292 0 0 0 0 0 0 0 0 
768 291 0 0 0 0 0 0 0 0 
767 291 0 0 0 0 0 0 0 0 
768 290 0 0 0 0 0 0 0 0 
767 290 0 0 0 0 0 0 0 0 
768 289 0 0 0 0 0 0 0 0 
767 289 0 0 0 0 0 0 0 0 
768 288 0 0 0 0 0 0 0 0 
767 288 0 0 0 0 0 0 0 0 
768 287 0 0 0 0 0 0 0 0 
767 287 0 0 0 0 0 0 0 0 
768 286 0 0 0 0 0 0 0 0 
767 286 0 0 0 0 0 0 0 0 
768 285 0 0 0 0 0 0 0 0 
767 285 0 0 0 0 0 0 0 0 
768 284 0 0 0 0 0 0 0 0 
767 284 0 0 0 0 0 0 0 0 
768 283 0 0 0 0 0 0 0 0 
767 283 0 0 0 0 0 0 0 0 
768 282 0 0 0 0 0 0 0 0 
767 282 0 0 0 0 0 0 0 0 
768 281 0 0 0 0 0 0 0 0 
767 281 0 0 0 0 0 0 0 0 
768 280 0 0 0 0 0 0 0 0 
767 280 0 0 0 0 0 0 0 0 
768 279 0 0 0 0 0 0 0 0 
767 279 0 0 0 0 0 0 0 0 
768 278 0 0 0 0 0 0 0 0 
767 278 0 0 0 0 0 0 0 0 
768 277 0 0 0 0 0 0 0 0 
767 277 0 0 0 0 0 0 0 0 
768 276 0 0 0 0 0 0 0 0 
767 276 0 0 0 0 0 0 0 0 
768 275 0 0 0 0 0 0 0 0 
767 275 0 0 0 0 0 0 0 0 
768 274 0 0 0 0 0 0 0 0 
767 274 0 0 0 0 0 0 0 0 
768 273 0 0 0 0 0 0 0 0 
767 273 0 0 0 0 0 0 0 0 
768 272 0 0 0 0 0 0 0 0 
767 272 0 0 0 0 0 0 0 0 
768 271 0 0 0 0 0 0 0 0 
767 271 0 0 0 0 0 0 0 0 
768 270 0 0 0 0 0 0 0 0 
767 270 0 0 0 0 0 0 0 0 
768 269 0 0 0 0 0 0 0 0 
767 269 0 0 0 0 0 0 0 0 
768 268 0 0 0 0 0 0 0 0 
767 268 0 0 0 0 0 0 0 0 
768 267 0 0 0 0 0 0 0 0 
767 267 0 0 0 0 0 0 0 0 
768 266 0 0 0 0 0 0 0 0 
767 266 0 0 0 0 0 0 0 0 
768 265 0 0 0 0 0 0 0 0 
767 265 0 0 0 0 0 0 0 0 
768 264 0 0 0 0 0 0 0 0 
767 264 0 0 0 0 0 0 0 0 
768 263 0 0 0 0 0 0 0 0 
767 263 0 0 0 0 0 0 0 0 
768 262 0 0 0 0 0 0 0 0 
767 262 0 0 0 0 0 0 0 0 
768 261 0 0 0 0 0 0 0 0 
767 261 0 0 0 0 0 0 0 0 
768 260 0 0 0 0 0 0 0 0 
767 260 0 0 0 0 0 0 0 0 
768 259 0 0 0 0 0 0 0 0 
767 259 0 0 0 0 0 0 0 0 
768 258 0 0 0 0 0 0 0 0 
767 258 0 0 0 0 0 0 0 0 
768 257 0 0 0 0 0 0 0 0 
767 257 0 0 0 0 0 0 0 0 
768 256 0 0 0 0 0 0 0 0 
767 256 0 0 0 0 0 0 0 0 
768 255 0 0 0 0 0 0 0 0 
767 255 0 0 0 0 0 0 0 0 
768 254 0 0 0 0 0 0 0 0 
767 254 0 0 0 0 0 0 0 0 
768 253 0 0 0 0 0 0 0 0 
767 253 0 0 0 0 0 0 0 0 
768 252 0 0 0 0 0 0 0 0 
767 252 0 0 0 0 0 0 0 0 
768 251 0 0 0 0 0 0 0 0 
767 251 0 0 0 0 0 0 0 0 
768 250 0 0 0 0 0 0 0 0 
767 250 0 0 0 0 0 0 0 0 
768 249 0 0 0 0 0 0 0 0 
767 249 0 0 0 0 0 0 0 0 
768 248 0 0 0 0 0 0 0 0 
767 248 0 0 0 0 0 0 0 0 
768 247 0 0 0 0 0 0 0 0 
767 247 0 0 0 0 0 0 0 0 
768 246 0 0 0 0 0 0 0 0 
767 246 0 0 0 0 0 0 0 0 
768 245 0 0 0 0 0 0 0 0 
767 245 0 0 0 0 0 0 0 0 
768 244 0 0 0 0 0 0 0 0 
767 244 0 0 0 0 0 0 0 0 
768 243 0 0 0 0 0 0 0 0 
767 243 0 0 0 0 0 0 0 0 
768 242 0 0 0 0 0 0 0 0 
767 242 0 0 0 0 0 0 0 0 
768 241 0 0 0 0 0 0 0 0 
767 241 0 0 0 0 0 0 0 0 
768 240 0 0 0 0 0 0 0 0 
767 240 0 0 0 0 0 0 0 0 
768 239 0 0 0 0 0 0 0 0 
767 239 0 0 0 0 0 0 0 0 
768 238 0 0 0 0 0 0 0 0 
767 238 0 0 0 0 0 0 0 0 
768 237 0 0 0 0 0 0 0 0 
767 237 0 0 0 0 0 0 0 0 
768 236 0 0 0 0 0 0 0 0 
767 236 0 0 0 0 0 0 0 0 
768 235 0 0 0 0 0 0 0 0 
767 235 0 0 0 0 0 0 0 0 
768 234 0 0 0 0 0 0 0 0 
767 234 0 0 0 0 0 0 0 0 
768 233 0 0 0 0 0 0 0 0 
767 233 0 0 0 0 0 0 0 0 
768 232 0 0 0 0 0 0 0 0 
767 232 0 0 0 0 0 0 0 0 
768 231 0 0 0 0 0 0 0 0 
767 231 0 0 0 0 0 0 0 0 
768 230 0 0 0 0 0 0 0 0 
767 230 0 0 0 0 0 0 0 0 
768 229 0 0 0 0 0 0 0 0 
767 229 0 0 0 0 0 0 0 0 
768 228 0 0 0 0 0 0 0 0 
767 228 0 0 0 0 0 0 0 0 
768 227 0 0 0 0 0 0 0 0 
767 227 0 0 0 0 0 0 0 0 
768 226 0 0 0 0 0 0 0 0 
767 226 0 0 0 0 0 0 0 0 
768 225 0 0 0 0 0 0 0 0 
767 225 0 0 0 0 0 0 0 0 
768 224 0 0 0 0 0 0 0 0 
767 224 0 0 0 0 0 0 0 0 
768 223 0 0 0 0 0 0 0 0 
767 223 0 0 0 0 0 0 0 0 
768 222 0 0 0 0 0 0 0 0 
767 222 0 0 0 0 0 0 0 0 
768 221 0 0 0 0 0 0 0 0 
767 221 0 0 0 0 0 0 0 0 
768 220 0 0 0 0 0 0 0 0 
767 220 0 0 0 0 0 0 0 0 
768 219 0 0 0 0 0 0 0 0 
767 219 0 0 0 0 0 0 0 0 
768 218 0 0 0 0 0 0 0 0 
767 218 0 0 0 0 0 0 0 0 
768 217 0 0 0 0 0 0 0 0 
767 217 0 0 0 0 0 0 0 0 
768 216 0 0 0 0 0 0 0 0 
767 216 0 0 0 0 0 0 0 0 
768 215 0 0 0 0 0 0 0 0 
767 215 0 0 0 0 0 0 0 0 
768 214 0 0 0 0 0 0 0 0 
767 214 0 0 0 0 0 0 0 0 
768 213 0 0 0 0 0 0 0 0 
767 213 0 0 0 0 0 0 0 0 
768 212 0 0 0 0 0 0 0 0 
767 212 0 0 0 0 0 0 0 0 
768 211 0 0 0 0 0 0 0 0 
767 211 0 0 0 0 0 0 0 0 
768 210 0 0 0 0 0 0 0 0 
767 210 0 0 0 0 0 0 0 0 
768 209 0 0 0 0 0 0 0 0 
767 209 0 0 0 0 0 0 0 0 
768 208 0 0 0 0 0 0 0 0 
767 208 0 0 0 0 0 0 0 0 
768 207 0 0 0 0 0 0 0 0 
767 207 0 0 0 0 0 0 0 0 
768 206 0 0 0 0 0 0 0 0 
767 206 0 0 0 0 0 0 0 0 
768 205 0 0 0 0 0 0 0 0 
767 205 0 0 0 0 0 0 0 0 
768 204 0 0 0 0 0 0 0 0 
767 204 0 0 0 0 0 0 0 0 
768 203 0 0 0 0 0 0 0 0 
767 203 0 0 0 0 0 0 0 0 
768 202 0 0 0 0 0 0 0 0 
767 202 0 0 0 0 0 0 0 0 
768 201 0 0 0 0 0 0 0 0 
767 201 0 0 0 0 0 0 0 0 
768 200 0 0 0 0 0 0 0 0 
767 200 0 0 0 0 0 0 0 0 
768 199 0 0 0 0 0 0 0 0 
767 199 0 0 0 0 0 0 0 0 
768 198 0 0 0 0 0 0 0 0 
767 198 0 0 0 0 0 0 0 0 
768 197 0 0 0 0 0 0 0 0 
767 197 0 0 0 0 0 0 0 0 
768 196 0 0 0 0 0 0 0 0 
767 196 0 0 0 0 0 0 0 0 
768 195 0 0 0 0 0 0 0 0 
767 195 0 0 0 0 0 0 0 0 
768 194 0 0 0 0 0 0 0 0 
767 194 0 0 0 0 0 0 0 0 
768 193 0 0 0 0 0 0 0 0 
767 193 0 0 0 0 0 0 0 0 
768 192 0 0 0 0 0 0 0 0 
767 192 0 0 0 0 0 0 0 0 
768 191 0 0 0 0 0 0 0 0 
767 191 0 0 0 0 0 0 0 0 
768 190 0 0 0 0 0 0 0 0 
767 190 0 0 0 0 0 0 0 0 
768 189 0 0 0 0 0 0 0 0 
767 189 0 0 0 0 0 0 0 0 
768 188 0 0 0 0 0 0 0 0 
767 188 0 0 0 0 0 0 0 0 
768 187 0 0 0 0 0 0 0 0 
767 187 0 0 0 0 0 0 0 0 
768 186 0 0 0 0 0 0 0 0 
767 186 0 0 0 0 0 0 0 0 
768 185 0 0 0 0 0 0 0 0 
767 185 0 0 0 0 0 0 0 0 
768 184 0 0 0 0 0 0 0 0 
767 184 0 0 0 0 0 0 0 0 
768 183 0 0 0 0 0 0 0 0 
767 183 0 0 0 0 0 0 0 0 
768 182 0 0 0 0 0 0 0 0 
767 182 0 0 0 0 0 0 0 0 
768 181 0 0 0 0 0 0 0 0 
767 181 0 0 0 0 0 0 0 0 
768 180 0 0 0 0 0 0 0 0 
767 180 0 0 0 0 0 0 0 0 
768 179 0 0 0 0 0 0 0 0 
767 179 0 0 0 0 0 0 0 0 
768 178 0 0 0 0 0 0 0 0 
767 178 0 0 0 0 0 0 0 0 
768 177 0 0 0 0 0 0 0 0 
767 177 0 0 0 0 0 0 0 0 
768 176 0 0 0 0 0 0 0 0 
767 176 0 0 0 0 0 0 0 0 
768 175 0 0 0 0 0 0 0 0 
767 175 0 0 0 0 0 0 0 0 
768 174 0 0 0 0 0 0 0 0 
767 174 0 0 0 0 0 0 0 0 
768 173 0 0 0 0 0 0 0 0 
767 173 0 0 0 0 0 0 0 0 
768 172 0 0 0 0 0 0 0 0 
767 172 0 0 0 0 0 0 0 0 
768 171 0 0 0 0 0 0 0 0 
767 171 0 0 0 0 0 0 0 0 
768 170 0 0 0 0 0 0 0 0 
767 170 0 0 0 0 0 0 0 0 
768 169 0 0 0 0 0 0 0 0 
767 169 0 0 0 0 0 0 0 0 
768 168 0 0 0 0 0 0 0 0 
767 168 0 0 0 0 0 0 0 0 
768 167 0 0 0 0 0 0 0 0 
767 167 0 0 0 0 0 0 0 0 
768 166 0 0 0 0 0 0 0 0 
767 166 0 0 0 0 0 0 0 0 
768 165 0 0 0 0 0 0 0 0 
767 165 0 0 0 0 0 0 0 0 
768 164 0 0 0 0 0 0 0 0 
767 164 0 0 0 0 0 0 0 0 
768 163 0 0 0 0 0 0 0 0 
767 163 0 0 0 0 0 0 0 0 
768 162 0 0 0 0 0 0 0 0 
767 162 0 0 0 0 0 0 0 0 
768 161 0 0 0 0 0 0 0 0 
767 161 0 0 0 0 0 0 0 0 
768 160 0 0 0 0 0 0 0 0 
767 160 0 0 0 0 0 0 0 0 
768 159 0 0 0 0 0 0 0 0 
767 159 0 0 0 0 0 0 0 0 
768 158 0 0 0 0 0 0 0 0 
767 158 0 0 0 0 0 0 0 0 
768 157 0 0 0 0 0 0 0 0 
767 157 0 0 0 0 0 0 0 0 
768 156 0 0 0 0 0 0 0 0 
767 156 0 0 0 0 0 0 0 0 
768 155 0 0 0 0 0 0 0 0 
767 155 0 0 0 0 0 0 0 0 
768 154 0 0 0 0 0 0 0 0 
767 154 0 0 0 0 0 0 0 0 
768 153 0 0 0 0 0 0 0 0 
767 153 0 0 0 0 0 0 0 0 
768 152 0 0 0 0 0 0 0 0 
767 152 0 0 0 0 0 0 0 0 
768 151 0 0 0 0 0 0 0 0 
767 151 0 0 0 0 0 0 0 0 
768 150 0 0 0 0 0 0 0 0 
767 150 0 0 0 0 0 0 0 0 
768 149 0 0 0 0 0 0 0 0 
767 149 0 0 0 0 0 0 0 0 
768 148 0 0 0 0 0 0 0 0 
767 148 0 0 0 0 0 0 0 0 
768 147 0 0 0 0 0 0 0 0 
767 147 0 0 0 0 0 0 0 0 
768 146 0 0 0 0 0 0 0 0 
767 146 0 0 0 0 0 0 0 0 
768 145 0 0 0 0 0 0 0 0 
767 145 0 0 0 0 0 0 0 0 
768 144 0 0 0 0 0 0 0 0 
767 144 0 0 0 0 0 0 0 0 
768 143 0 0 0 0 0 0 0 0 
767 143 0 0 0 0 0 0 0 0 
768 142 0 0 0 0 0 0 0 0 
767 142 0 0 0 0 0 0 0 0 
768 141 0 0 0 0 0 0 0 0 
767 141 0 0 0 0 0 0 0 0 
768 140 0 0 0 0 0 0 0 0 
767 140 0 0 0 0 0 0 0 0 
768 139 0 0 0 0 0 0 0 0 
767 139 0 0 0 0 0 0 0 0 
768 138 0 0 0 0 0 0 0 0 
767 138 0 0 0 0 0 0 0 0 
768 137 0 0 0 0 0 0 0 0 
767 137 0 0 0 0 0 0 0 0 
768 136 0 0 0 0 0 0 0 0 
767 136 0 0 0 0 0 0 0 0 
768 135 0 0 0 0 0 0 0 0 
767 135 0 0 0 0 0 0 0 0 
768 134 0 0 0 0 0 0 0 0 
767 134 0 0 0 0 0 0 0 0 
768 133 0 0 0 0 0 0 0 0 
767 133 0 0 0 0 0 0 0 0 
768 132 0 0 0 0 0 0 0 0 
767 132 0 0 0 0 0 0 0 0 
768 131 0 0 0 0 0 0 0 0 
767 131 0 0 0 0 0 0 0 0 
768 130 0 0 0 0 0 0 0 0 
767 130 0 0 0 0 0 0 0 0 
768 129 0 0 0 0 0 0 0 0 
767 129 0 0 0 0 0 0 0 0 
768 128 0 0 0 0 0 0 0 0 
767 128 0 0 0 0 0 0 0 0 
768 127 0 0 0 0 0 0 0 0 
767 127 0 0 0 0 0 0 0 0 
768 126 0 0 0 0 0 0 0 0 
767 126 0 0 0 0 0 0 0 0 
768 125 0 0 0 0 0 0 0 0 
767 125 0 0 0 0 0 0 0 0 
768 124 0 0 0 0 0 0 0 0 
767 124 0 0 0 0 0 0 0 0 
768 123 0 0 0 0 0 0 0 0 
767 123 0 0 0 0 0 0 0 0 
768 122 0 0 0 0 0 0 0 0 
767 122 0 0 0 0 0 0 0 0 
768 121 0 0 0 0 0 0 0 0 
767 121 0 0 0 0 0 0 0 0 
768 120 0 0 0 0 0 0 0 0 
767 120 0 0 0 0 0 0 0 0 
768 119 0 0 0 0 0 0 0 0 
767 119 0 0 0 0 0 0 0 0 
768 118 0 0 0 0 0 0 0 0 
767 118 0 0 0 0 0 0 0 0 
768 117 0 0 0 0 0 0 0 0 
767 117 0 0 0 0 0 0 0 0 
768 116 0 0 0 0 0 0 0 0 
767 116 0 0 0 0 0 0 0 0 
768 115 0 0 0 0 0 0 0 0 
767 115 0 0 0 0 0 0 0 0 
768 114 0 0 0 0 0 0 0 0 
767 114 0 0 0 0 0 0 0 0 
768 113 0 0 0 0 0 0 0 0 
767 113 0 0 0 0 0 0 0 0 
768 112 0 0 0 0 0 0 0 0 
767 112 0 0 0 0 0 0 0 0 
768 111 0 0 0 0 0 0 0 0 
767 111 0 0 0 0 0 0 0 0 
768 110 0 0 0 0 0 0 0 0 
767 110 0 0 0 0 0 0 0 0 
768 109 0 0 0 0 0 0 0 0 
767 109 0 0 0 0 0 0 0 0 
768 108 0 0 0 0 0 0 0 0 
767 108 0 0 0 0 0 0 0 0 
768 107 0 0 0 0 0 0 0 0 
767 107 0 0 0 0 0 0 0 0 
768 106 0 0 0 0 0 0 0 0 
767 106 0 0 0 0 0 0 0 0 
768 105 0 0 0 0 0 0 0 0 
767 105 0 0 0 0 0 0 0 0 
768 104 0 0 0 0 0 0 0 0 
767 104 0 0 0 0 0 0 0 0 
768 103 0 0 0 0 0 0 0 0 
767 103 0 0 0 0 0 0 0 0 
768 102 0 0 0 0 0 0 0 0 
767 102 0 0 0 0 0 0 0 0 
768 101 0 0 0 0 0 0 0 0 
767 101 0 0 0 0 0 0 0 0 
768 100 0 0 0 0 0 0 0 0 
767 100 0 0 0 0 0 0 0 0 
768 99 0 0 0 0 0 0 0 0 
767 99 0 0 0 0 0 0 0 0 
768 98 0 0 0 0 0 0 0 0 
767 98 0 0 0 0 0 0 0 0 
768 97 0 0 0 0 0 0 0 0 
767 97 0 0 0 0 0 0 0 0 
768 96 0 0 0 0 0 0 0 0 
767 96 0 0 0 0 0 0 0 0 
768 95 0 0 0 0 0 0 0 0 
767 95 0 0 0 0 0 0 0 0 
768 94 0 0 0 0 0 0 0 0 
767 94 0 0 0 0 0 0 0 0 
768 93 0 0 0 0 0 0 0 0 
767 93 0 0 0 0 0 0 0 0 
768 92 0 0 0 0 0 0 0 0 
767 92 0 0 0 0 0 0 0 0 
768 91 0 0 0 0 0 0 0 0 
767 91 0 0 0 0 0 0 0 0 
768 90 0 0 0 0 0 0 0 0 
767 90 0 0 0 0 0 0 0 0 
768 89 0 0 0 0 0 0 0 0 
767 89 0 0 0 0 0 0 0 0 
768 88 0 0 0 0 0 0 0 0 
767 88 0 0 0 0 0 0 0 0 
768 87 0 0 0 0 0 0 0 0 
767 87 0 0 0 0 0 0 0 0 
768 86 0 0 0 0 0 0 0 0 
767 86 0 0 0 0 0 0 0 0 
768 85 0 0 0 0 0 0 0 0 
767 85 0 0 0 0 0 0 0 0 
768 84 0 0 0 0 0 0 0 0 
767 84 0 0 0 0 0 0 0 0 
768 83 0 0 0 0 0 0 0 0 
767 83 0 0 0 0 0 0 0 0 
768 82 0 0 0 0 0 0 0 0 
767 82 0 0 0 0 0 0 0 0 
768 81 0 0 0 0 0 0 0 0 
767 81 0 0 0 0 0 0 0 0 
768 80 0 0 0 0 0 0 0 0 
767 80 0 0 0 0 0 0 0 0 
768 79 0 0 0 0 0 0 0 0 
767 79 0 0 0 0 0 0 0 0 
768 78 0 0 0 0 0 0 0 0 
767 78 0 0 0 0 0 0 0 0 
768 77 0 0 0 0 0 0 0 0 
767 77 0 0 0 0 0 0 0 0 
768 76 0 0 0 0 0 0 0 0 
767 76 0 0 0 0 0 0 0 0 
768 75 0 0 0 0 0 0 0 0 
767 75 0 0 0 0 0 0 0 0 
768 74 0 0 0 0 0 0 0 0 
767 74 0 0 0 0 0 0 0 0 
768 73 0 0 0 0 0 0 0 0 
767 73 0 0 0 0 0 0 0 0 
768 72 0 0 0 0 0 0 0 0 
767 72 0 0 0 0 0 0 0 0 
768 71 0 0 0 0 0 0 0 0 
767 71 0 0 0 0 0 0 0 0 
768 70 0 0 0 0 0 0 0 0 
767 70 0 0 0 0 0 0 0 0 
768 69 0 0 0 0 0 0 0 0 
767 69 0 0 0 0 0 0 0 0 
768 68 0 0 0 0 0 0 0 0 
767 68 0 0 0 0 0 0 0 0 
768 67 0 0 0 0 0 0 0 0 
767 67 0 0 0 0 0 0 0 0 
768 66 0 0 0 0 0 0 0 0 
767 66 0 0 0 0 0 0 0 0 
768 65 0 0 0 0 0 0 0 0 
767 65 0 0 0 0 0 0 0 0 
768 64 0 0 0 0 0 0 0 0 
767 64 0 0 0 0 0 0 0 0 
768 63 0 0 0 0 0 0 0 0 
767 63 0 0 0 0 0 0 0 0 
768 62 0 0 0 0 0 0 0 0 
767 62 0 0 0 0 0 0 0 0 
768 61 0 0 0 0 0 0 0 0 
767 61 0 0 0 0 0 0 0 0 
768 60 0 0 0 0 0 0 0 0 
767 60 0 0 0 0 0 0 0 0 
768 59 0 0 0 0 0 0 0 0 
767 59 0 0 0 0 0 0 0 0 
768 58 0 0 0 0 0 0 0 0 
767 58 0 0 0 0 0 0 0 0 
768 57 0 0 0 0 0 0 0 0 
767 57 0 0 0 0 0 0 0 0 
768 56 0 0 0 0 0 0 0 0 
767 56 0 0 0 0 0 0 0 0 
768 55 0 0 0 0 0 0 0 0 
767 55 0 0 0 0 0 0 0 0 
768 54 0 0 0 0 0 0 0 0 
767 54 0 0 0 0 0 0 0 0 
768 53 0 0 0 0 0 0 0 0 
767 53 0 0 0 0 0 0 0 0 
768 52 0 0 0 0 0 0 0 0 
767 52 0 0 0 0 0 0 0 0 
768 51 0 0 0 0 0 0 0 0 
767 51 0 0 0 0 0 0 0 0 
768 50 0 0 0 0 0 0 0 0 
767 50 0 0 0 0 0 0 0 0 
768 49 0 0 0 0 0 0 0 0 
767 49 0 0 0 0 0 0 0 0 
768 48 0 0 0 0 0 0 0 0 
767 48 0 0 0 0 0 0 0 0 
768 47 0 0 0 0 0 0 0 0 
767 47 0 0 0 0 0 0 0 0 
768 46 0 0 0 0 0 0 0 0 
767 46 0 0 0 0 0 0 0 0 
768 45 0 0 0 0 0 0 0 0 
767 45 0 0 0 0 0 0 0 0 
768 44 0 0 0 0 0 0 0 0 
767 44 0 0 0 0 0 0 0 0 
768 43 0 0 0 0 0 0 0 0 
767 43 0 0 0 0 0 0 0 0 
768 42 0 0 0 0 0 0 0 0 
767 42 0 0 0 0 0 0 0 0 
768 41 0 0 0 0 0 0 0 0 
767 41 0 0 0 0 0 0 0 0 
768 40 0 0 0 0 0 0 0 0 
767 40 0 0 0 0 0 0 0 0 
768 39 0 0 0 0 0 0 0 0 
767 39 0 0 0 0 0 0 0 0 
768 38 0 0 0 0 0 0 0 0 
767 38 0 0 0 0 0 0 0 0 
768 37 0 0 0 0 0 0 0 0 
767 37 0 0 0 0 0 0 0 0 
768 36 0 0 0 0 0 0 0 0 
767 36 0 0 0 0 0 0 0 0 
768 35 0 0 0 0 0 0 0 0 
767 35 0 0 0 0 0 0 0 0 
768 34 0 0 0 0 0 0 0 0 
767 34 0 0 0 0 0 0 0 0 
768 33 0 0 0 0 0 0 0 0 
767 33 0 0 0 0 0 0 0 0 
768 32 0 0 0 0 0 0 0 0 
767 32 0 0 0 0 0 0 0 0 
768 31 0 0 0 0 0 0 0 0 
767 31 0 0 0 0 0 0 0 0 
768 30 0 0 0 0 0 0 0 0 
767 30 0 0 0 0 0 0 0 0 
768 29 0 0 0 0 0 0 0 0 
767 29 0 0 0 0 0 0 0 0 
768 28 0 0 0 0 0 0 0 0 
767 28 0 0 0 0 0 0 0 0 
768 27 0 0 0 0 0 0 0 0 
767 27 0 0 0 0 0 0 0 0 
768 26 0 0 0 0 0 0 0 0 
767 26 0 0 0 0 0 0 0 0 
768 25 0 0 0 0 0 0 0 0 
767 25 0 0 0 0 0 0 0 0 
768 24 0 0 0 0 0 0 0 0 
767 24 0 0 0 0 0 0 0 0 
768 23 0 0 0 0 0 0 0 0 
767 23 0 0 0 0 0 0 0 0 
768 22 0 0 0 0 0 0 0 0 
767 22 0 0 0 0 0 0 0 0 
768 21 0 0 0 0 0 0 0 0 
767 21 0 0 0 0 0 0 0 0 
768 20 0 0 0 0 0 0 0 0 
767 20 0 0 0 0 0 0 0 0 
768 19 0 0 0 0 0 0 0 0 
767 19 0 0 0 0 0 0 0 0 
768 18 0 0 0 0 0 0 0 0 
767 18 0 0 0 0 0 0 0 0 
768 17 0 0 0 0 0 0 0 0 
767 17 0 0 0 0 0 0 0 0 
768 16 0 0 0 0 0 0 0 0 
767 16 0 0 0 0 0 0 0 0 
768 15 0 0 0 0 0 0 0 0 
767 15 0 0 0 0 0 0 0 0 
768 14 0 0 0 0 0 0 0 0 
767 14 0 0 0 0 0 0 0 0 
768 13 0 0 0 0 0 0 0 0 
767 13 0 0 0 0 0 0 0 0 
768 12 0 0 0 0 0 0 0 0 
767 12 0 0 0 0 0 0 0 0 
768 11 0 0 0 0 0 0 0 0 
767 11 0 0 0 0 0 0 0 0 
768 10 0 0 0 0 0 0 0 0 
767 10 0 0 0 0 0 0 0 0 
768 9 0 0 0 0 0 0 0 0 
767 9 0 0 0 0 0 0 0 0 
768 8 0 0 0 0 0 0 0 0 
767 8 0 0 0 0 0 0 0 0 
768 7 0 0 0 0 0 0 0 0 
767 7 0 0 0 0 0 0 0 0 
768 6 0 0 0 0 0 0 0 0 
767 6 0 0 0 0 0 0 0 0 
768 5 0 0 0 0 0 0 0 0 
767 5 0 0 0 0 0 0 0 0 
768 4 0 0 0 0 0 0 0 0 
767 4 0 0 0 0 0 0 0 0 
768 3 0 0 0 0 0 0 0 0 
767 3 0 0 0 0 0 0 0 0 
768 2 0 0 0 0 0 0 0 0 
767 2 0 0 0 0 0 0 0 0 
768 1 0 0 0 0 0 0 0 0 
767 1 0 0 0 0 0 0 0 0 
768 0 0 0 0 0 0 0 0 0 
767 0 0 0 0 0 0 0 0 0 
766 0 0 0 0 0 0 0 0 0 
765 0 0 0 0 0 0 0 0 0 
764 0 0 0 0 0 0 0 0 0 
763 0 0 0 0 0 0 0 0 0 
762 0 0 0 0 0 0 0 0 0 
761 0 0 0 0 0 0 0 0 0 
760 0 0 0 0 0 0 0 0 0 
759 0 0 0 0 0 0 0 0 0 
758 0 0 0 0 0 0 0 0 0 
757 0 0 0 0 0 0 0 0 0 
756 0 0 0 0 0 0 0 0 0 
755 0 0 0 0 0 0 0 0 0 
754 0 0 0 0 0 0 0 0 0 
753 0 0 0 0 0 0 0 0 0 
752 0 0 0 0 0 0 0 0 0 
751 0 0 0 0 0 0 0 0 0 
750 0 0 0 0 0 0 0 0 0 
749 0 0 0 0 0 0 0 0 0 
748 0 0 0 0 0 0 0 0 0 
747 0 0 0 0 0 0 0 0 0 
746 0 0 0 0 0 0 0 0 0 
745 0 0 0 0 0 0 0 0 0 
744 0 0 0 0 0 0 0 0 0 
743 0 0 0 0 0 0 0 0 0 
742 0 0 0 0 0 0 0 0 0 
741 0 0 0 0 0 0 0 0 0 
740 0 0 0 0 0 0 0 0 0 
739 0 0 0 0 0 0 0 0 0 
738 0 0 0 0 0 0 0 0 0 
737 0 0 0 0 0 0 0 0 0 
736 0 0 0 0 0 0 0 0 0 
735 0 0 0 0 0 0 0 0 0 
734 0 0 0 0 0 0 0 0 0 
733 0 0 0 0 0 0 0 0 0 
732 0 0 0 0 0 0 0 0 0 
731 0 0 0 0 0 0 0 0 0 
730 0 0 0 0 0 0 0 0 0 
729 0 0 0 0 0 0 0 0 0 
728 0 0 0 0 0 0 0 0 0 
727 0 0 0 0 0 0 0 0 0 
726 0 0 0 0 0 0 0 0 0 
725 0 0 0 0 0 0 0 0 0 
724 0 0 0 0 0 0 0 0 0 
723 0 0 0 0 0 0 0 0 0 
722 0 0 0 0 0 0 0 0 0 
721 0 0 0 0 0 0 0 0 0 
720 0 0 0 0 0 0 0 0 0 
719 0 0 0 0 0 0 0 0 0 
718 0 0 0 0 0 0 0 0 0 
717 0 0 0 0 0 0 0 0 0 
716 0 0 0 0 0 0 0 0 0 
715 0 0 0 0 0 0 0 0 0 
714 0 0 0 0 0 0 0 0 0 
713 0 0 0 0 0 0 0 0 0 
712 0 0 0 0 0 0 0 0 0 
711 0 0 0 0 0 0 0 0 0 
710 0 0 0 0 0 0 0 0 0 
709 0 0 0 0 0 0 0 0 0 
708 0 0 0 0 0 0 0 0 0 
707 0 0 0 0 0 0 0 0 0 
706 0 0 0 0 0 0 0 0 0 
705 0 0 0 0 0 0 0 0 0 
704 0 0 0 0 0 0 0 0 0 
703 0 0 0 0 0 0 0 0 0 
702 0 0 0 0 0 0 0 0 0 
701 0 0 0 0 0 0 0 0 0 
700 0 0 0 0 0 0 0 0 0 
699 0 0 0 0 0 0 0 0 0 
698 0 0 0 0 0 0 0 0 0 
697 0 0 0 0 0 0 0 0 0 
696 0 0 0 0 0 0 0 0 0 
695 0 0 0 0 0 0 0 0 0 
694 0 0 0 0 0 0 0 0 0 
693 0 0 0 0 0 0 0 0 0 
692 0 0 0 0 0 0 0 0 0 
691 0 0 0 0 0 0 0 0 0 
690 0 0 0 0 0 0 0 0 0 
689 0 0 0 0 0 0 0 0 0 
688 0 0 0 0 0 0 0 0 0 
687 0 0 0 0 0 0 0 0 0 
686 0 0 0 0 0 0 0 0 0 
685 0 0 0 0 0 0 0 0 0 
684 0 0 0 0 0 0 0 0 0 
683 0 0 0 0 0 0 0 0 0 
682 0 0 0 0 0 0 0 0 0 
681 0 0 0 0 0 0 0 0 0 
680 0 0 0 0 0 0 0 0 0 
679 0 0 0 0 0 0 0 0 0 
678 0 0 0 0 0 0 0 0 0 
677 0 0 0 0 0 0 0 0 0 
676 0 0 0 0 0 0 0 0 0 
675 0 0 0 0 0 0 0 0 0 
674 0 0 0 0 0 0 0 0 0 
673 0 0 0 0 0 0 0 0 0 
672 0 0 0 0 0 0 0 0 0 
671 0 0 0 0 0 0 0 0 0 
670 0 0 0 0 0 0 0 0 0 
669 0 0 0 0 0 0 0 0 0 
668 0 0 0 0 0 0 0 0 0 
667 0 0 0 0 0 0 0 0 0 
666 0 0 0 0 0 0 0 0 0 
665 0 0 0 0 0 0 0 0 0 
664 0 0 0 0 0 0 0 0 0 
663 0 0 0 0 0 0 0 0 0 
662 0 0 0 0 0 0 0 0 0 
661 0 0 0 0 0 0 0 0 0 
660 0 0 0 0 0 0 0 0 0 
659 0 0 0 0 0 0 0 0 0 
658 0 0 0 0 0 0 0 0 0 
657 0 0 0 0 0 0 0 0 0 
656 0 0 0 0 0 0 0 0 0 
655 0 0 0 0 0 0 0 0 0 
654 0 0 0 0 0 0 0 0 0 
653 0 0 0 0 0 0 0 0 0 
652 0 0 0 0 0 0 0 0 0 
651 0 0 0 0 0 0 0 0 0 
650 0 0 0 0 0 0 0 0 0 
649 0 0 0 0 0 0 0 0 0 
648 0 0 0 0 0 0 0 0 0 
647 0 0 0 0 0 0 0 0 0 
646 0 0 0 0 0 0 0 0 0 
645 0 0 0 0 0 0 0 0 0 
644 0 0 0 0 0 0 0 0 0 
643 0 0 0 0 0 0 0 0 0 
642 0 0 0 0 0 0 0 0 0 
641 0 0 0 0 0 0 0 0 0 
640 0 0 0 0 0 0 0 0 0 
639 0 0 0 0 0 0 0 0 0 
638 0 0 0 0 0 0 0 0 0 
637 0 0 0 0 0 0 0 0 0 
636 0 0 0 0 0 0 0 0 0 
635 0 0 0 0 0 0 0 0 0 
634 0 0 0 0 0 0 0 0 0 
633 0 0 0 0 0 0 0 0 0 
632 0 0 0 0 0 0 0 0 0 
631 0 0 0 0 0 0 0 0 0 
630 0 0 0 0 0 0 0 0 0 
629 0 0 0 0 0 0 0 0 0 
628 0 0 0 0 0 0 0 0 0 
627 0 0 0 0 0 0 0 0 0 
626 0 0 0 0 0 0 0 0 0 
625 0 0 0 0 0 0 0 0 0 
624 0 0 0 0 0 0 0 0 0 
623 0 0 0 0 0 0 0 0 0 
622 0 0 0 0 0 0 0 0 0 
621 0 0 0 0 0 0 0 0 0 
620 0 0 0 0 0 0 0 0 0 
619 0 0 0 0 0 0 0 0 0 
618 0 0 0 0 0 0 0 0 0 
617 0 0 0 0 0 0 0 0 0 
616 0 0 0 0 0 0 0 0 0 
615 0 0 0 0 0 0 0 0 0 
614 0 0 0 0 0 0 0 0 0 
613 0 0 0 0 0 0 0 0 0 
612 0 0 0 0 0 0 0 0 0 
611 0 0 0 0 0 0 0 0 0 
610 0 0 0 0 0 0 0 0 0 
609 0 0 0 0 0 0 0 0 0 
608 0 0 0 0 0 0 0 0 0 
607 0 0 0 0 0 0 0 0 0 
606 0 0 0 0 0 0 0 0 0 
605 0 0 0 0 0 0 0 0 0 
604 0 0 0 0 0 0 0 0 0 
603 0 0 0 0 0 0 0 0 0 
602 0 0 0 0 0 0 0 0 0 
601 0 0 0 0 0 0 0 0 0 
600 0 0 0 0 0 0 0 0 0 
599 0 0 0 0 0 0 0 0 0 
598 0 0 0 0 0 0 0 0 0 
597 0 0 0 0 0 0 0 0 0 
596 0 0 0 0 0 0 0 0 0 
595 0 0 0 0 0 0 0 0 0 
594 0 0 0 0 0 0 0 0 0 
593 0 0 0 0 0 0 0 0 0 
592 0 0 0 0 0 0 0 0 0 
591 0 0 0 0 0 0 0 0 0 
590 0 0 0 0 0 0 0 0 0 
589 0 0 0 0 0 0 0 0 0 
588 0 0 0 0 0 0 0 0 0 
587 0 0 0 0 0 0 0 0 0 
586 0 0 0 0 0 0 0 0 0 
585 0 0 0 0 0 0 0 0 0 
584 0 0 0 0 0 0 0 0 0 
583 0 0 0 0 0 0 0 0 0 
582 0 0 0 0 0 0 0 0 0 
581 0 0 0 0 0 0 0 0 0 
580 0 0 0 0 0 0 0 0 0 
579 0 0 0 0 0 0 0 0 0 
578 0 0 0 0 0 0 0 0 0 
577 0 0 0 0 0 0 0 0 0 
576 0 0 0 0 0 0 0 0 0 
575 0 0 0 0 0 0 0 0 0 
574 0 0 0 0 0 0 0 0 0 
573 0 0 0 0 0 0 0 0 0 
572 0 0 0 0 0 0 0 0 0 
571 0 0 0 0 0 0 0 0 0 
570 0 0 0 0 0 0 0 0 0 
569 0 0 0 0 0 0 0 0 0 
568 0 0 0 0 0 0 0 0 0 
567 0 0 0 0 0 0 0 0 0 
566 0 0 0 0 0 0 0 0 0 
565 0 0 0 0 0 0 0 0 0 
564 0 0 0 0 0 0 0 0 0 
563 0 0 0 0 0 0 0 0 0 
562 0 0 0 0 0 0 0 0 0 
561 0 0 0 0 0 0 0 0 0 
560 0 0 0 0 0 0 0 0 0 
559 0 0 0 0 0 0 0 0 0 
558 0 0 0 0 0 0 0 0 0 
557 0 0 0 0 0 0 0 0 0 
556 0 0 0 0 0 0 0 0 0 
555 0 0 0 0 0 0 0 0 0 
554 0 0 0 0 0 0 0 0 0 
553 0 0 0 0 0 0 0 0 0 
552 0 0 0 0 0 0 0 0 0 
551 0 0 0 0 0 0 0 0 0 
550 0 0 0 0 0 0 0 0 0 
549 0 0 0 0 0 0 0 0 0 
548 0 0 0 0 0 0 0 0 0 
547 0 0 0 0 0 0 0 0 0 
546 0 0 0 0 0 0 0 0 0 
545 0 0 0 0 0 0 0 0 0 
544 0 0 0 0 0 0 0 0 0 
543 0 0 0 0 0 0 0 0 0 
542 0 0 0 0 0 0 0 0 0 
541 0 0 0 0 0 0 0 0 0 
540 0 0 0 0 0 0 0 0 0 
539 0 0 0 0 0 0 0 0 0 
538 0 0 0 0 0 0 0 0 0 
537 0 0 0 0 0 0 0 0 0 
536 0 0 0 0 0 0 0 0 0 
535 0 0 0 0 0 0 0 0 0 
534 0 0 0 0 0 0 0 0 0 
533 0 0 0 0 0 0 0 0 0 
532 0 0 0 0 0 0 0 0 0 
531 0 0 0 0 0 0 0 0 0 
530 0 0 0 0 0 0 0 0 0 
529 0 0 0 0 0 0 0 0 0 
528 0 0 0 0 0 0 0 0 0 
527 0 0 0 0 0 0 0 0 0 
526 0 0 0 0 0 0 0 0 0 
525 0 0 0 0 0 0 0 0 0 
524 0 0 0 0 0 0 0 0 0 
523 0 0 0 0 0 0 0 0 0 
522 0 0 0 0 0 0 0 0 0 
521 0 0 0 0 0 0 0 0 0 
520 0 0 0 0 0 0 0 0 0 
519 0 0 0 0 0 0 0 0 0 
518 0 0 0 0 0 0 0 0 0 
517 0 0 0 0 0 0 0 0 0 
516 0 0 0 0 0 0 0 0 0 
515 0 0 0 0 0 0 0 0 0 
514 0 0 0 0 0 0 0 0 0 
513 0 0 0 0 0 0 0 0 0 
512 0 0 0 0 0 0 0 0 0 
511 0 0 0 0 0 0 0 0 0 
510 0 0 0 0 0 0 0 0 0 
509 0 0 0 0 0 0 0 0 0 
508 0 0 0 0 0 0 0 0 0 
507 0 0 0 0 0 0 0 0 0 
506 0 0 0 0 0 0 0 0 0 
505 0 0 0 0 0 0 0 0 0 
504 0 0 0 0 0 0 0 0 0 
503 0 0 0 0 0 0 0 0 0 
502 0 0 0 0 0 0 0 0 0 
501 0 0 0 0 0 0 0 0 0 
500 0 0 0 0 0 0 0 0 0 
499 0 0 0 0 0 0 0 0 0 
498 0 0 0 0 0 0 0 0 0 
497 0 0 0 0 0 0 0 0 0 
496 0 0 0 0 0 0 0 0 0 
495 0 0 0 0 0 0 0 0 0 
494 0 0 0 0 0 0 0 0 0 
493 0 0 0 0 0 0 0 0 0 
492 0 0 0 0 0 0 0 0 0 
491 0 0 0 0 0 0 0 0 0 
490 0 0 0 0 0 0 0 0 0 
489 0 0 0 0 0 0 0 0 0 
488 0 0 0 0 0 0 0 0 0 
487 0 0 0 0 0 0 0 0 0 
486 0 0 0 0 0 0 0 0 0 
485 0 0 0 0 0 0 0 0 0 
484 0 0 0 0 0 0 0 0 0 
483 0 0 0 0 0 0 0 0 0 
482 0 0 0 0 0 0 0 0 0 
481 0 0 0 0 0 0 0 0 0 
480 0 0 0 0 0 0 0 0 0 
479 0 0 0 0 0 0 0 0 0 
478 0 0 0 0 0 0 0 0 0 
477 0 0 0 0 0 0 0 0 0 
476 0 0 0 0 0 0 0 0 0 
475 0 0 0 0 0 0 0 0 0 
474 0 0 0 0 0 0 0 0 0 
473 0 0 0 0 0 0 0 0 0 
472 0 0 0 0 0 0 0 0 0 
471 0 0 0 0 0 0 0 0 0 
470 0 0 0 0 0 0 0 0 0 
469 0 0 0 0 0 0 0 0 0 
468 0 0 0 0 0 0 0 0 0 
467 0 0 0 0 0 0 0 0 0 
466 0 0 0 0 0 0 0 0 0 
465 0 0 0 0 0 0 0 0 0 
464 0 0 0 0 0 0 0 0 0 
463 0 0 0 0 0 0 0 0 0 
462 0 0 0 0 0 0 0 0 0 
461 0 0 0 0 0 0 0 0 0 
460 0 0 0 0 0 0 0 0 0 
459 0 0 0 0 0 0 0 0 0 
458 0 0 0 0 0 0 0 0 0 
457 0 0 0 0 0 0 0 0 0 
456 0 0 0 0 0 0 0 0 0 
455 0 0 0 0 0 0 0 0 0 
454 0 0 0 0 0 0 0 0 0 
453 0 0 0 0 0 0 0 0 0 
452 0 0 0 0 0 0 0 0 0 
451 0 0 0 0 0 0 0 0 0 
450 0 0 0 0 0 0 0 0 0 
449 0 0 0 0 0 0 0 0 0 
448 0 0 0 0 0 0 0 0 0 
447 0 0 0 0 0 0 0 0 0 
446 0 0 0 0 0 0 0 0 0 
445 0 0 0 0 0 0 0 0 0 
444 0 0 0 0 0 0 0 0 0 
443 0 0 0 0 0 0 0 0 0 
442 0 0 0 0 0 0 0 0 0 
441 0 0 0 0 0 0 0 0 0 
440 0 0 0 0 0 0 0 0 0 
439 0 0 0 0 0 0 0 0 0 
438 0 0 0 0 0 0 0 0 0 
437 0 0 0 0 0 0 0 0 0 
436 0 0 0 0 0 0 0 0 0 
435 0 0 0 0 0 0 0 0 0 
434 0 0 0 0 0 0 0 0 0 
433 0 0 0 0 0 0 0 0 0 
432 0 0 0 0 0 0 0 0 0 
431 0 0 0 0 0 0 0 0 0 
430 0 0 0 0 0 0 0 0 0 
429 0 0 0 0 0 0 0 0 0 
428 0 0 0 0 0 0 0 0 0 
427 0 0 0 0 0 0 0 0 0 
426 0 0 0 0 0 0 0 0 0 
425 0 0 0 0 0 0 0 0 0 
424 0 0 0 0 0 0 0 0 0 
423 0 0 0 0 0 0 0 0 0 
422 0 0 0 0 0 0 0 0 0 
421 0 0 0 0 0 0 0 0 0 
420 0 0 0 0 0 0 0 0 0 
419 0 0 0 0 0 0 0 0 0 
418 0 0 0 0 0 0 0 0 0 
417 0 0 0 0 0 0 0 0 0 
416 0 0 0 0 0 0 0 0 0 
415 0 0 0 0 0 0 0 0 0 
414 0 0 0 0 0 0 0 0 0 
413 0 0 0 0 0 0 0 0 0 
412 0 0 0 0 0 0 0 0 0 
411 0 0 0 0 0 0 0 0 0 
410 0 0 0 0 0 0 0 0 0 
409 0 0 0 0 0 0 0 0 0 
408 0 0 0 0 0 0 0 0 0 
407 0 0 0 0 0 0 0 0 0 
406 0 0 0 0 0 0 0 0 0 
405 0 0 0 0 0 0 0 0 0 
404 0 0 0 0 0 0 0 0 0 
403 0 0 0 0 0 0 0 0 0 
402 0 0 0 0 0 0 0 0 0 
401 0 0 0 0 0 0 0 0 0 
400 0 0 0 0 0 0 0 0 0 
399 0 0 0 0 0 0 0 0 0 
398 0 0 0 0 0 0 0 0 0 
397 0 0 0 0 0 0 0 0 0 
396 0 0 0 0 0 0 0 0 0 
395 0 0 0 0 0 0 0 0 0 
394 0 0 0 0 0 0 0 0 0 
393 0 0 0 0 0 0 0 0 0 
392 0 0 0 0 0 0 0 0 0 
391 0 0 0 0 0 0 0 0 0 
390 0 0 0 0 0 0 0 0 0 
389 0 0 0 0 0 0 0 0 0 
388 0 0 0 0 0 0 0 0 0 
387 0 0 0 0 0 0 0 0 0 
386 0 0 0 0 0 0 0 0 0 
385 0 0 0 0 0 0 0 0 0 
384 0 0 0 0 0 0 0 0 0 
383 0 0 0 0 0 0 0 0 0 
382 0 0 0 0 0 0 0 0 0 
381 0 0 0 0 0 0 0 0 0 
380 0 0 0 0 0 0 0 0 0 
379 0 0 0 0 0 0 0 0 0 
378 0 0 0 0 0 0 0 0 0 
377 0 0 0 0 0 0 0 0 0 
376 0 0 0 0 0 0 0 0 0 
375 0 0 0 0 0 0 0 0 0 
374 0 0 0 0 0 0 0 0 0 
373 0 0 0 0 0 0 0 0 0 
372 0 0 0 0 0 0 0 0 0 
371 0 0 0 0 0 0 0 0 0 
370 0 0 0 0 0 0 0 0 0 
369 0 0 0 0 0 0 0 0 0 
368 0 0 0 0 0 0 0 0 0 
367 0 0 0 0 0 0 0 0 0 
366 0 0 0 0 0 0 0 0 0 
365 0 0 0 0 0 0 0 0 0 
364 0 0 0 0 0 0 0 0 0 
363 0 0 0 0 0 0 0 0 0 
362 0 0 0 0 0 0 0 0 0 
361 0 0 0 0 0 0 0 0 0 
360 0 0 0 0 0 0 0 0 0 
359 0 0 0 0 0 0 0 0 0 
358 0 0 0 0 0 0 0 0 0 
357 0 0 0 0 0 0 0 0 0 
356 0 0 0 0 0 0 0 0 0 
355 0 0 0 0 0 0 0 0 0 
354 0 0 0 0 0 0 0 0 0 
353 0 0 0 0 0 0 0 0 0 
352 0 0 0 0 0 0 0 0 0 
351 0 0 0 0 0 0 0 0 0 
350 0 0 0 0 0 0 0 0 0 
349 0 0 0 0 0 0 0 0 0 
348 0 0 0 0 0 0 0 0 0 
347 0 0 0 0 0 0 0 0 0 
346 0 0 0 0 0 0 0 0 0 
345 0 0 0 0 0 0 0 0 0 
344 0 0 0 0 0 0 0 0 0 
343 0 0 0 0 0 0 0 0 0 
342 0 0 0 0 0 0 0 0 0 
341 0 0 0 0 0 0 0 0 0 
340 0 0 0 0 0 0 0 0 0 
339 0 0 0 0 0 0 0 0 0 
338 0 0 0 0 0 0 0 0 0 
337 0 0 0 0 0 0 0 0 0 
336 0 0 0 0 0 0 0 0 0 
335 0 0 0 0 0 0 0 0 0 
334 0 0 0 0 0 0 0 0 0 
333 0 0 0 0 0 0 0 0 0 
332 0 0 0 0 0 0 0 0 0 
331 0 0 0 0 0 0 0 0 0 
330 0 0 0 0 0 0 0 0 0 
329 0 0 0 0 0 0 0 0 0 
328 0 0 0 0 0 0 0 0 0 
327 0 0 0 0 0 0 0 0 0 
326 0 0 0 0 0 0 0 0 0 
325 0 0 0 0 0 0 0 0 0 
324 0 0 0 0 0 0 0 0 0 
323 0 0 0 0 0 0 0 0 0 
322 0 0 0 0 0 0 0 0 0 
321 0 0 0 0 0 0 0 0 0 
320 0 0 0 0 0 0 0 0 0 
319 0 0 0 0 0 0 0 0 0 
318 0 0 0 0 0 0 0 0 0 
317 0 0 0 0 0 0 0 0 0 
316 0 0 0 0 0 0 0 0 0 
315 0 0 0 0 0 0 0 0 0 
314 0 0 0 0 0 0 0 0 0 
313 0 0 0 0 0 0 0 0 0 
312 0 0 0 0 0 0 0 0 0 
311 0 0 0 0 0 0 0 0 0 
310 0 0 0 0 0 0 0 0 0 
309 0 0 0 0 0 0 0 0 0 
308 0 0 0 0 0 0 0 0 0 
307 0 0 0 0 0 0 0 0 0 
306 0 0 0 0 0 0 0 0 0 
305 0 0 0 0 0 0 0 0 0 
304 0 0 0 0 0 0 0 0 0 
303 0 0 0 0 0 0 0 0 0 
302 0 0 0 0 0 0 0 0 0 
301 0 0 0 0 0 0 0 0 0 
300 0 0 0 0 0 0 0 0 0 
299 0 0 0 0 0 0 0 0 0 
298 0 0 0 0 0 0 0 0 0 
297 0 0 0 0 0 0 0 0 0 
296 0 0 0 0 0 0 0 0 0 
295 0 0 0 0 0 0 0 0 0 
294 0 0 0 0 0 0 0 0 0 
293 0 0 0 0 0 0 0 0 0 
292 0 0 0 0 0 0 0 0 0 
291 0 0 0 0 0 0 0 0 0 
290 0 0 0 0 0 0 0 0 0 
289 0 0 0 0 0 0 0 0 0 
288 0 0 0 0 0 0 0 0 0 
287 0 0 0 0 0 0 0 0 0 
286 0 0 0 0 0 0 0 0 0 
285 0 0 0 0 0 0 0 0 0 
284 0 0 0 0 0 0 0 0 0 
283 0 0 0 0 0 0 0 0 0 
282 0 0 0 0 0 0 0 0 0 
281 0 0 0 0 0 0 0 0 0 
280 0 0 0 0 0 0 0 0 0 
279 0 0 0 0 0 0 0 0 0 
278 0 0 0 0 0 0 0 0 0 
277 0 0 0 0 0 0 0 0 0 
276 0 0 0 0 0 0 0 0 0 
275 0 0 0 0 0 0 0 0 0 
274 0 0 0 0 0 0 0 0 0 
273 0 0 0 0 0 0 0 0 0 
272 0 0 0 0 0 0 0 0 0 
271 0 0 0 0 0 0 0 0 0 
270 0 0 0 0 0 0 0 0 0 
269 0 0 0 0 0 0 0 0 0 
268 0 0 0 0 0 0 0 0 0 
267 0 0 0 0 0 0 0 0 0 
266 0 0 0 0 0 0 0 0 0 
265 0 0 0 0 0 0 0 0 0 
264 0 0 0 0 0 0 0 0 0 
263 0 0 0 0 0 0 0 0 0 
262 0 0 0 0 0 0 0 0 0 
261 0 0 0 0 0 0 0 0 0 
260 0 0 0 0 0 0 0 0 0 
259 0 0 0 0 0 0 0 0 0 
258 0 0 0 0 0 0 0 0 0 
257 0 0 0 0 0 0 0 0 0 
256 0 0 0 0 0 0 0 0 0 
255 0 0 0 0 0 0 0 0 0 
254 0 0 0 0 0 0 0 0 0 
253 0 0 0 0 0 0 0 0 0 
252 0 0 0 0 0 0 0 0 0 
251 0 0 0 0 0 0 0 0 0 
250 0 0 0 0 0 0 0 0 0 
249 0 0 0 0 0 0 0 0 0 
248 0 0 0 0 0 0 0 0 0 
247 0 0 0 0 0 0 0 0 0 
246 0 0 0 0 0 0 0 0 0 
245 0 0 0 0 0 0 0 0 0 
244 0 0 0 0 0 0 0 0 0 
243 0 0 0 0 0 0 0 0 0 
242 0 0 0 0 0 0 0 0 0 
241 0 0 0 0 0 0 0 0 0 
240 0 0 0 0 0 0 0 0 0 
239 0 0 0 0 0 0 0 0 0 
238 0 0 0 0 0 0 0 0 0 
237 0 0 0 0 0 0 0 0 0 
236 0 0 0 0 0 0 0 0 0 
235 0 0 0 0 0 0 0 0 0 
234 0 0 0 0 0 0 0 0 0 
233 0 0 0 0 0 0 0 0 0 
232 0 0 0 0 0 0 0 0 0 
231 0 0 0 0 0 0 0 0 0 
230 0 0 0 0 0 0 0 0 0 
229 0 0 0 0 0 0 0 0 0 
228 0 0 0 0 0 0 0 0 0 
227 0 0 0 0 0 0 0 0 0 
226 0 0 0 0 0 0 0 0 0 
225 0 0 0 0 0 0 0 0 0 
224 0 0 0 0 0 0 0 0 0 
223 0 0 0 0 0 0 0 0 0 
222 0 0 0 0 0 0 0 0 0 
221 0 0 0 0 0 0 0 0 0 
220 0 0 0 0 0 0 0 0 0 
219 0 0 0 0 0 0 0 0 0 
218 0 0 0 0 0 0 0 0 0 
217 0 0 0 0 0 0 0 0 0 
216 0 0 0 0 0 0 0 0 0 
215 0 0 0 0 0 0 0 0 0 
214 0 0 0 0 0 0 0 0 0 
213 0 0 0 0 0 0 0 0 0 
212 0 0 0 0 0 0 0 0 0 
211 0 0 0 0 0 0 0 0 0 
210 0 0 0 0 0 0 0 0 0 
209 0 0 0 0 0 0 0 0 0 
208 0 0 0 0 0 0 0 0 0 
207 0 0 0 0 0 0 0 0 0 
206 0 0 0 0 0 0 0 0 0 
205 0 0 0 0 0 0 0 0 0 
204 0 0 0 0 0 0 0 0 0 
203 0 0 0 0 0 0 0 0 0 
202 0 0 0 0 0 0 0 0 0 
201 0 0 0 0 0 0 0 0 0 
200 0 0 0 0 0 0 0 0 0 
199 0 0 0 0 0 0 0 0 0 
198 0 0 0 0 0 0 0 0 0 
197 0 0 0 0 0 0 0 0 0 
196 0 0 0 0 0 0 0 0 0 
195 0 0 0 0 0 0 0 0 0 
194 0 0 0 0 0 0 0 0 0 
193 0 0 0 0 0 0 0 0 0 
192 0 0 0 0 0 0 0 0 0 
191 0 0 0 0 0 0 0 0 0 
190 0 0 0 0 0 0 0 0 0 
189 0 0 0 0 0 0 0 0 0 
188 0 0 0 0 0 0 0 0 0 
187 0 0 0 0 0 0 0 0 0 
186 0 0 0 0 0 0 0 0 0 
185 0 0 0 0 0 0 0 0 0 
184 0 0 0 0 0 0 0 0 0 
183 0 0 0 0 0 0 0 0 0 
182 0 0 0 0 0 0 0 0 0 
181 0 0 0 0 0 0 0 0 0 
180 0 0 0 0 0 0 0 0 0 
179 0 0 0 0 0 0 0 0 0 
178 0 0 0 0 0 0 0 0 0 
177 0 0 0 0 0 0 0 0 0 
176 0 0 0 0 0 0 0 0 0 
175 0 0 0 0 0 0 0 0 0 
174 0 0 0 0 0 0 0 0 0 
173 0 0 0 0 0 0 0 0 0 
172 0 0 0 0 0 0 0 0 0 
171 0 0 0 0 0 0 0 0 0 
170 0 0 0 0 0 0 0 0 0 
169 0 0 0 0 0 0 0 0 0 
168 0 0 0 0 0 0 0 0 0 
167 0 0 0 0 0 0 0 0 0 
166 0 0 0 0 0 0 0 0 0 
165 0 0 0 0 0 0 0 0 0 
164 0 0 0 0 0 0 0 0 0 
163 0 0 0 0 0 0 0 0 0 
162 0 0 0 0 0 0 0 0 0 
161 0 0 0 0 0 0 0 0 0 
160 0 0 0 0 0 0 0 0 0 
159 0 0 0 0 0 0 0 0 0 
158 0 0 0 0 0 0 0 0 0 
157 0 0 0 0 0 0 0 0 0 
156 0 0 0 0 0 0 0 0 0 
155 0 0 0 0 0 0 0 0 0 
154 0 0 0 0 0 0 0 0 0 
153 0 0 0 0 0 0 0 0 0 
152 0 0 0 0 0 0 0 0 0 
151 0 0 0 0 0 0 0 0 0 
150 0 0 0 0 0 0 0 0 0 
149 0 0 0 0 0 0 0 0 0 
148 0 0 0 0 0 0 0 0 0 
147 0 0 0 0 0 0 0 0 0 
146 0 0 0 0 0 0 0 0 0 
145 0 0 0 0 0 0 0 0 0 
144 0 0 0 0 0 0 0 0 0 
143 0 0 0 0 0 0 0 0 0 
142 0 0 0 0 0 0 0 0 0 
141 0 0 0 0 0 0 0 0 0 
140 0 0 0 0 0 0 0 0 0 
139 0 0 0 0 0 0 0 0 0 
138 0 0 0 0 0 0 0 0 0 
137 0 0 0 0 0 0 0 0 0 
136 0 0 0 0 0 0 0 0 0 
135 0 0 0 0 0 0 0 0 0 
134 0 0 0 0 0 0 0 0 0 
133 0 0 0 0 0 0 0 0 0 
132 0 0 0 0 0 0 0 0 0 
131 0 0 0 0 0 0 0 0 0 
130 0 0 0 0 0 0 0 0 0 
129 0 0 0 0 0 0 0 0 0 
128 0 0 0 0 0 0 0 0 0 
127 0 0 0 0 0 0 0 0 0 
126 0 0 0 0 0 0 0 0 0 
125 0 0 0 0 0 0 0 0 0 
124 0 0 0 0 0 0 0 0 0 
123 0 0 0 0 0 0 0 0 0 
122 0 0 0 0 0 0 0 0 0 
121 0 0 0 0 0 0 0 0 0 
120 0 0 0 0 0 0 0 0 0 
119 0 0 0 0 0 0 0 0 0 
118 0 0 0 0 0 0 0 0 0 
117 0 0 0 0 0 0 0 0 0 
116 0 0 0 0 0 0 0 0 0 
115 0 0 0 0 0 0 0 0 0 
114 0 0 0 0 0 0 0 0 0 
113 0 0 0 0 0 0 0 0 0 
112 0 0 0 0 0 0 0 0 0 
111 0 0 0 0 0 0 0 0 0 
110 0 0 0 0 0 0 0 0 0 
109 0 0 0 0 0 0 0 0 0 
108 0 0 0 0 0 0 0 0 0 
107 0 0 0 0 0 0 0 0 0 
106 0 0 0 0 0 0 0 0 0 
105 0 0 0 0 0 0 0 0 0 
104 0 0 0 0 0 0 0 0 0 
103 0 0 0 0 0 0 0 0 0 
102 0 0 0 0 0 0 0 0 0 
101 0 0 0 0 0 0 0 0 0 
100 0 0 0 0 0 0 0 0 0 
99 0 0 0 0 0 0 0 0 0 
98 0 0 0 0 0 0 0 0 0 
97 0 0 0 0 0 0 0 0 0 
96 0 0 0 0 0 0 0 0 0 
95 0 0 0 0 0 0 0 0 0 
94 0 0 0 0 0 0 0 0 0 
93 0 0 0 0 0 0 0 0 0 
92 0 0 0 0 0 0 0 0 0 
91 0 0 0 0 0 0 0 0 0 
90 0 0 0 0 0 0 0 0 0 
89 0 0 0 0 0 0 0 0 0 
88 0 0 0 0 0 0 0 0 0 
87 0 0 0 0 0 0 0 0 0 
86 0 0 0 0 0 0 0 0 0 
85 0 0 0 0 0 0 0 0 0 
84 0 0 0 0 0 0 0 0 0 
83 0 0 0 0 0 0 0 0 0 
82 0 0 0 0 0 0 0 0 0 
81 0 0 0 0 0 0 0 0 0 
80 0 0 0 0 0 0 0 0 0 
79 0 0 0 0 0 0 0 0 0 
78 0 0 0 0 0 0 0 0 0 
77 0 0 0 0 0 0 0 0 0 
76 0 0 0 0 0 0 0 0 0 
75 0 0 0 0 0 0 0 0 0 
74 0 0 0 0 0 0 0 0 0 
73 0 0 0 0 0 0 0 0 0 
72 0 0 0 0 0 0 0 0 0 
71 0 0 0 0 0 0 0 0 0 
70 0 0 0 0 0 0 0 0 0 
69 0 0 0 0 0 0 0 0 0 
68 0 0 0 0 0 0 0 0 0 
67 0 0 0 0 0 0 0 0 0 
66 0 0 0 0 0 0 0 0 0 
65 0 0 0 0 0 0 0 0 0 
64 0 0 0 0 0 0 0 0 0 
63 0 0 0 0 0 0 0 0 0 
62 0 0 0 0 0 0 0 0 0 
61 0 0 0 0 0 0 0 0 0 
60 0 0 0 0 0 0 0 0 0 
59 0 0 0 0 0 0 0 0 0 
58 0 0 0 0 0 0 0 0 0 
57 0 0 0 0 0 0 0 0 0 
56 0 0 0 0 0 0 0 0 0 
55 0 0 0 0 0 0 0 0 0 
54 0 0 0 0 0 0 0 0 0 
53 0 0 0 0 0 0 0 0 0 
52 0 0 0 0 0 0 0 0 0 
51 0 0 0 0 0 0 0 0 0 
50 0 0 0 0 0 0 0 0 0 
49 0 0 0 0 0 0 0 0 0 
48 0 0 0 0 0 0 0 0 0 
47 0 0 0 0 0 0 0 0 0 
46 0 0 0 0 0 0 0 0 0 
45 0 0 0 0 0 0 0 0 0 
44 0 0 0 0 0 0 0 0 0 
43 0 0 0 0 0 0 0 0 0 
42 0 0 0 0 0 0 0 0 0 
41 0 0 0 0 0 0 0 0 0 
40 0 0 0 0 0 0 0 0 0 
39 0 0 0 0 0 0 0 0 0 
38 0 0 0 0 0 0 0 0 0 
37 0 0 0 0 0 0 0 0 0 
36 0 0 0 0 0 0 0 0 0 
35 0 0 0 0 0 0 0 0 0 
34 0 0 0 0 0 0 0 0 0 
33 0 0 0 0 0 0 0 0 0 
32 0 0 0 0 0 0 0 0 0 
31 0 0 0 0 0 0 0 0 0 
30 0 0 0 0 0 0 0 0 0 
29 0 0 0 0 0 0 0 0 0 
28 0 0 0 0 0 0 0 0 0 
27 0 0 0 0 0 0 0 0 0 
26 0 0 0 0 0 0 0 0 0 
25 0 0 0 0 0 0 0 0 0 
24 0 0 0 0 0 0 0 0 0 
23 0 0 0 0 0 0 0 0 0 
22 0 0 0 0 0 0 0 0 0 
21 0 0 0 0 0 0 0 0 0 
20 0 0 0 0 0 0 0 0 0 
19 0 0 0 0 0 0 0 0 0 
18 0 0 0 0 0 0 0 0 0 
17 0 0 0 0 0 0 0 0 0 
16 0 0 0 0 0 0 0 0 0 
15 0 0 0 0 0 0 0 0 0 
14 0 0 0 0 0 0 0 0 0 
13 0 0 0 0 0 0 0 0 0 
12 0 0 0 0 0 0 0 0 0 
11 0 0 0 0 0 0 0 0 0 
10 0 0 0 0 0 0 0 0 0 
9 0 0 0 0 0 0 0 0 0 
8 0 0 0 0 0 0 0 0 0 
7 0 0 0 0 0 0 0 0 0 
6 0 0 0 0 0 0 0 0 0 
5 0 0 0 0 0 0 0 0 0 
4 0 0 0 0 0 0 0 0 0 
3 0 0 0 0 0 0 0 0 0 
2 0 0 0 0 0 0 0 0 0 
1 0 0 0 0 0 0 0 0 0 
0 0 0 0 0 0 0 0 0 0 
